,seq_1,seq_2,seq_3,seq_4,seq_5,seq_6,seq_7,seq_8,seq_9,seq_10,seq_11,seq_12,length1,length2,length,n_term,c_term,bind1,bind2,distance,reversed,output
0,M,P,A,L,P,R,Q,P,R,,,,6,3,9,M,R,R,Q,13,False,0
1,K,P,P,G,D,V,L,V,G,,,,8,1,9,K,G,V,G,0,True,0
2,Q,N,N,L,Y,V,L,C,R,,,,6,3,9,Q,R,V,L,0,True,0
3,E,F,R,G,I,D,I,I,R,,,,2,7,9,E,R,F,R,12,False,0
4,L,A,N,F,Y,L,S,Y,L,,,,6,3,9,L,L,L,S,18,False,0
5,F,P,G,H,H,G,P,I,Q,,,,8,1,9,F,Q,I,Q,3,False,0
6,E,L,K,G,A,R,S,E,R,,,,7,2,9,E,R,S,E,6,False,0
7,E,G,G,R,R,N,S,C,I,,,,6,3,9,E,I,N,S,23,False,0
8,E,E,L,L,L,L,A,T,L,,,,7,2,9,E,L,A,T,15,True,0
9,D,G,R,L,F,N,H,L,P,,,,8,1,9,D,P,L,P,13,False,0
10,E,L,M,C,Y,V,L,K,G,,,,5,4,9,E,G,Y,V,8,False,0
11,S,H,L,Q,E,S,G,A,G,,,,4,5,9,S,G,Q,E,17,False,0
12,F,H,I,P,S,T,V,E,P,,,,7,2,9,F,P,V,E,5,True,0
13,E,H,Q,I,V,H,T,G,E,,,,1,8,9,E,E,E,H,13,False,0
14,K,R,V,K,C,V,D,T,M,,,,3,6,9,K,M,V,K,3,True,0
15,K,G,M,H,A,V,N,H,F,,,,6,3,9,K,F,V,N,23,False,0
16,S,L,E,A,A,G,H,T,G,,,,8,1,9,S,G,T,G,25,False,0
17,R,S,Q,D,Q,E,R,E,K,,,,1,8,9,R,K,R,S,0,True,0
18,H,I,M,G,V,S,K,Y,G,,,,1,8,9,H,G,H,I,12,True,0
19,A,K,Q,T,G,Q,W,Q,S,,,,1,8,9,A,S,A,K,1,True,0
20,K,I,R,R,K,A,C,S,A,,,,4,5,9,K,A,R,K,2,True,0
21,C,S,E,R,P,L,L,N,Q,,,,2,7,9,C,Q,S,E,23,True,0
22,V,T,V,L,F,A,Q,G,D,,,,6,3,9,V,D,A,Q,16,False,0
23,T,G,L,Q,A,P,S,A,A,,,,4,5,9,T,A,Q,A,0,False,0
24,I,Y,T,T,C,Q,P,S,F,,,,8,1,9,I,F,S,F,19,False,0
25,T,P,A,Q,V,P,R,P,C,,,,6,3,9,T,C,P,R,9,False,0
26,E,R,A,I,P,L,L,T,L,,,,7,2,9,E,L,L,T,13,False,0
27,S,L,S,P,D,A,T,H,P,,,,4,5,9,S,P,P,D,13,True,0
28,N,A,N,I,K,C,H,V,H,,,,2,7,9,N,H,A,N,6,False,0
29,K,Y,E,T,K,E,P,I,V,,,,8,1,9,K,V,I,V,8,True,0
30,I,P,E,G,M,N,L,T,W,,,,7,2,9,I,W,L,T,13,True,0
31,R,I,V,N,L,A,A,Q,I,,,,4,5,9,R,I,N,L,19,True,0
32,C,R,N,L,A,S,Q,V,D,,,,6,3,9,C,D,S,Q,3,False,0
33,I,T,S,P,Y,G,E,D,D,,,,5,4,9,I,D,Y,G,1,True,0
34,I,L,K,F,C,R,C,P,L,,,,2,7,9,I,L,L,K,17,False,0
35,V,E,N,Y,N,S,I,V,S,,,,1,8,9,V,S,V,E,23,False,0
36,R,D,L,S,R,R,G,S,P,,,,8,1,9,R,P,S,P,9,True,0
37,I,M,H,V,F,C,N,F,K,,,,6,3,9,I,K,C,N,1,True,0
38,T,F,R,Q,L,Y,L,D,D,,,,1,8,9,T,D,T,F,12,False,0
39,C,N,A,A,G,F,G,G,R,,,,4,5,9,C,R,A,G,18,False,0
40,L,T,S,V,I,F,I,T,V,,,,4,5,9,L,V,V,I,18,False,0
41,T,R,Q,W,E,F,Q,P,L,,,,2,7,9,T,L,R,Q,2,True,0
42,D,L,D,Q,I,S,P,E,K,,,,8,1,9,D,K,E,K,17,False,0
43,A,A,P,E,P,L,G,A,F,,,,7,2,9,A,F,G,A,15,True,0
44,T,L,R,A,Y,A,F,E,G,,,,5,4,9,T,G,Y,A,7,True,0
45,M,E,R,E,K,N,S,A,P,,,,1,8,9,M,P,M,E,8,True,0
46,L,P,A,A,A,A,R,Y,A,,,,1,8,9,L,A,L,P,10,True,0
47,F,G,E,G,S,A,L,E,E,,,,8,1,9,F,E,E,E,0,True,0
48,S,S,L,D,V,P,V,F,F,,,,3,6,9,S,F,L,D,6,False,0
49,Q,R,F,L,R,E,G,W,K,,,,6,3,9,Q,K,E,G,9,True,0
50,L,K,W,I,T,R,K,S,V,,,,3,6,9,L,V,W,I,1,True,0
51,T,Y,S,S,S,N,S,D,I,,,,1,8,9,T,I,T,Y,14,False,0
52,C,L,N,R,A,W,G,M,V,,,,6,3,9,C,V,W,G,12,True,0
53,G,V,S,E,A,Y,E,D,Q,,,,8,1,9,G,Q,D,Q,21,False,0
54,N,Y,A,I,K,G,N,W,A,,,,8,1,9,N,A,W,A,5,True,0
55,G,G,G,P,E,F,Q,C,G,,,,7,2,9,G,G,Q,C,13,False,0
56,L,P,N,S,Q,Q,T,R,G,,,,1,8,9,L,G,L,P,16,False,0
57,S,L,Q,G,I,F,L,R,A,,,,2,7,9,S,A,L,Q,17,True,0
58,K,Q,Y,P,T,C,L,C,G,,,,6,3,9,K,G,C,L,1,False,0
59,T,T,N,S,K,E,Y,K,S,,,,6,3,9,T,S,E,Y,7,True,0
60,I,G,L,G,V,S,L,N,M,,,,6,3,9,I,M,S,L,11,False,0
61,Q,L,V,R,Y,A,P,G,R,,,,6,3,9,Q,R,A,P,8,True,0
62,A,A,V,K,W,A,K,A,I,,,,2,7,9,A,I,A,V,0,False,0
63,C,G,K,T,K,R,E,E,C,,,,4,5,9,C,C,T,K,20,False,0
64,Y,V,R,E,E,V,K,C,K,,,,4,5,9,Y,K,E,E,7,False,0
65,V,P,D,D,I,L,Q,L,V,,,,8,1,9,V,V,L,V,7,False,0
66,G,S,T,Q,T,Y,S,L,T,,,,4,5,9,G,T,Q,T,0,True,0
67,P,L,Q,E,D,A,D,T,Y,,,,7,2,9,P,Y,D,T,21,False,0
68,N,Y,C,R,L,Y,H,R,E,,,,5,4,9,N,E,L,Y,3,True,0
69,I,H,R,D,I,A,Q,G,C,,,,3,6,9,I,C,R,D,8,True,0
70,L,K,I,V,P,I,M,F,S,,,,5,4,9,L,S,P,I,3,False,0
71,S,A,L,Q,T,A,V,V,L,,,,4,5,9,S,L,Q,T,16,True,0
72,T,F,F,S,C,V,K,I,S,,,,8,1,9,T,S,I,S,6,True,0
73,L,Q,D,F,K,P,E,E,F,,,,7,2,9,L,F,E,E,23,False,0
74,Q,E,V,E,A,V,N,G,V,,,,1,8,9,Q,V,Q,E,21,False,0
75,E,E,F,I,M,L,M,E,K,,,,7,2,9,E,K,M,E,19,True,0
76,S,P,D,G,K,R,K,R,K,,,,5,4,9,S,K,K,R,0,False,0
77,S,H,R,K,G,C,D,T,S,,,,8,1,9,S,S,T,S,14,True,0
78,F,Q,P,L,D,G,L,K,P,,,,8,1,9,F,P,K,P,4,True,0
79,S,V,I,Q,E,L,L,A,R,,,,7,2,9,S,R,L,A,2,True,0
80,E,E,H,L,R,S,N,K,F,,,,5,4,9,E,F,R,S,16,True,0
81,R,V,H,M,T,L,R,A,I,,,,6,3,9,R,I,L,R,7,False,0
82,P,P,P,P,Q,Q,Q,P,V,,,,7,2,9,P,V,Q,P,19,True,0
83,V,V,L,M,L,G,S,A,I,,,,5,4,9,V,I,L,G,19,True,0
84,K,H,G,F,V,K,N,K,Y,,,,3,6,9,K,Y,G,F,12,True,0
85,E,A,A,S,H,S,A,L,A,,,,8,1,9,E,A,L,A,13,False,0
86,V,A,V,G,Q,R,P,R,R,,,,4,5,9,V,R,G,Q,25,True,0
87,R,E,M,E,L,Q,E,E,S,,,,5,4,9,R,S,L,Q,13,True,0
88,A,P,R,L,K,R,F,S,M,,,,2,7,9,A,M,P,R,23,True,0
89,L,G,P,T,G,R,D,T,G,,,,7,2,9,L,G,D,T,19,True,0
90,S,M,S,Y,V,L,D,T,P,,,,4,5,9,S,P,Y,V,3,False,0
91,F,K,L,E,R,E,A,R,I,,,,1,8,9,F,I,F,K,25,True,0
92,E,I,L,V,Y,N,S,K,I,,,,2,7,9,E,I,I,L,0,False,0
93,P,E,T,S,V,I,F,D,I,,,,1,8,9,P,I,P,E,14,True,0
94,K,I,Q,D,M,I,R,H,T,,,,5,4,9,K,T,M,I,2,False,0
95,E,V,T,L,P,K,S,D,T,,,,8,1,9,E,T,D,T,13,False,0
96,S,S,V,N,M,T,C,L,P,,,,8,1,9,S,P,L,P,21,False,0
97,F,S,N,I,A,L,S,P,T,,,,1,8,9,F,T,F,S,18,False,0
98,C,T,T,V,R,W,E,F,G,,,,2,7,9,C,G,T,T,20,False,0
99,G,S,R,E,K,E,R,I,Q,,,,2,7,9,G,Q,S,R,3,True,0
100,E,R,S,S,S,T,D,S,G,,,,3,6,9,E,G,S,S,22,False,0
101,G,N,H,T,A,R,E,Y,I,,,,8,1,9,G,I,Y,I,1,False,0
102,A,M,L,E,R,W,I,E,F,,,,5,4,9,A,F,R,W,23,True,0
103,V,T,R,L,S,L,L,S,N,,,,4,5,9,V,N,L,S,18,True,0
104,L,G,K,P,E,S,D,L,K,,,,1,8,9,L,K,L,G,22,False,0
105,V,G,T,I,Q,K,T,K,K,,,,5,4,9,V,K,Q,K,18,False,0
106,K,H,V,G,L,L,L,R,R,,,,1,8,9,K,R,K,H,17,True,0
107,D,D,K,F,G,D,V,C,P,,,,3,6,9,D,P,K,F,14,False,0
108,E,D,G,T,W,L,G,N,P,,,,5,4,9,E,P,W,L,5,True,0
109,C,S,N,T,V,G,S,D,E,,,,7,2,9,C,E,S,D,12,True,0
110,K,G,N,G,L,T,E,S,P,,,,5,4,9,K,P,L,T,4,True,0
111,Q,R,E,N,Q,Q,Q,H,Y,,,,7,2,9,Q,Y,Q,H,23,True,0
112,N,Q,D,L,T,H,K,G,K,,,,2,7,9,N,K,Q,D,23,False,0
113,M,L,L,L,L,W,L,A,A,,,,1,8,9,M,A,M,L,23,False,0
114,I,L,T,W,I,L,P,T,P,,,,8,1,9,I,P,T,P,6,True,0
115,M,S,V,Y,I,F,V,V,G,,,,5,4,9,M,G,I,F,14,False,0
116,A,A,C,G,R,G,F,C,T,,,,7,2,9,A,T,F,C,0,True,0
117,K,K,P,T,S,A,A,P,E,,,,7,2,9,K,E,A,P,7,True,0
118,L,V,F,L,L,A,D,V,Y,,,,8,1,9,L,Y,V,Y,8,False,0
119,I,C,K,K,V,E,D,S,R,,,,8,1,9,I,R,S,R,12,False,0
120,Y,S,I,P,E,T,V,D,F,,,,6,3,9,Y,F,T,V,17,False,0
121,I,S,K,L,A,F,K,E,Q,,,,4,5,9,I,Q,L,A,13,True,0
122,Y,E,P,I,P,G,S,C,S,,,,7,2,9,Y,S,S,C,1,True,0
123,N,A,T,L,L,E,K,L,R,,,,8,1,9,N,R,L,R,8,True,0
124,P,P,L,P,P,A,P,L,Q,,,,4,5,9,P,Q,P,P,23,False,0
125,G,L,R,V,K,A,P,C,Y,,,,3,6,9,G,Y,R,V,13,True,0
126,L,L,P,I,F,Y,K,I,Q,,,,3,6,9,L,Q,P,I,22,False,0
127,S,R,K,F,R,S,V,D,R,,,,5,4,9,S,R,R,S,9,True,0
128,C,S,K,T,F,S,G,E,K,,,,5,4,9,C,K,F,S,13,False,0
129,Q,T,R,Q,Q,A,L,S,L,,,,6,3,9,Q,L,A,L,9,True,0
130,T,H,L,Q,R,P,G,A,R,,,,4,5,9,T,R,Q,R,23,False,0
131,S,S,L,F,P,M,G,L,F,,,,4,5,9,S,F,F,P,8,True,0
132,I,S,F,L,G,I,G,F,N,,,,5,4,9,I,N,G,I,17,True,0
133,L,I,S,G,F,F,Q,G,D,,,,3,6,9,L,D,S,G,23,False,0
134,C,L,A,N,A,P,Q,C,D,,,,6,3,9,C,D,P,Q,20,False,0
135,L,Q,Q,S,L,I,L,S,Y,,,,1,8,9,L,Y,L,Q,15,True,0
136,R,P,R,P,P,A,S,A,R,,,,3,6,9,R,R,R,P,10,False,0
137,D,I,L,L,E,K,H,L,K,,,,3,6,9,D,K,L,L,16,True,0
138,L,L,S,T,L,H,L,A,K,,,,6,3,9,L,K,H,L,4,False,0
139,S,N,L,P,Q,V,Q,P,T,,,,8,1,9,S,T,P,T,11,True,0
140,M,P,V,P,P,P,A,M,L,,,,5,4,9,M,L,P,P,10,True,0
141,L,T,S,G,L,S,L,N,L,,,,3,6,9,L,L,S,G,22,False,0
142,A,V,Q,S,S,D,Q,K,T,,,,5,4,9,A,T,S,D,3,True,0
143,L,A,N,N,P,P,I,I,V,,,,5,4,9,L,V,P,P,23,False,0
144,S,S,G,S,R,L,G,G,S,,,,7,2,9,S,S,G,G,12,False,0
145,E,I,K,G,R,D,H,S,D,,,,4,5,9,E,D,G,R,8,False,0
146,P,G,K,A,E,E,L,L,L,,,,2,7,9,P,L,G,K,4,True,0
147,T,W,L,L,T,K,I,D,H,,,,1,8,9,T,H,T,W,8,False,0
148,T,P,S,P,P,V,G,G,E,,,,4,5,9,T,E,P,P,18,True,0
149,S,S,Q,Y,P,L,Q,S,L,,,,8,1,9,S,L,S,L,1,False,0
150,G,I,K,D,L,G,P,R,R,,,,4,5,9,G,R,D,L,13,False,0
151,D,V,I,A,E,P,R,V,R,,,,3,6,9,D,R,I,A,0,True,0
152,H,K,P,Y,E,C,V,E,C,,,,1,8,9,H,C,H,K,3,False,0
153,L,D,P,C,A,A,P,P,P,,,,5,4,9,L,P,A,A,14,True,0
154,K,L,T,E,L,P,E,E,N,,,,6,3,9,K,N,P,E,18,True,0
155,P,S,P,Q,E,K,P,S,S,,,,3,6,9,P,S,P,Q,8,True,0
156,F,E,D,R,P,Q,V,A,E,,,,4,5,9,F,E,R,P,4,True,0
157,S,N,E,K,N,L,V,P,N,,,,6,3,9,S,N,L,V,9,False,0
158,Y,F,L,G,I,A,A,F,K,,,,1,8,9,Y,K,Y,F,12,False,0
159,G,D,A,V,S,K,T,E,E,,,,8,1,9,G,E,E,E,14,False,0
160,K,Q,Q,L,V,E,F,P,D,,,,6,3,9,K,D,E,F,18,True,0
161,E,D,S,I,D,T,S,S,N,,,,1,8,9,E,N,E,D,25,True,0
162,G,S,P,P,T,A,I,V,R,,,,4,5,9,G,R,P,T,3,False,0
163,D,E,I,Y,G,S,C,N,C,,,,5,4,9,D,C,G,S,9,False,0
164,R,V,S,I,M,A,R,A,E,,,,4,5,9,R,E,I,M,23,True,0
165,A,L,P,A,L,V,W,H,R,,,,2,7,9,A,R,L,P,23,False,0
166,T,S,G,Q,S,S,T,G,Q,,,,5,4,9,T,Q,S,S,8,False,0
167,A,Y,A,R,K,R,G,S,I,,,,3,6,9,A,I,A,R,24,False,0
168,L,D,P,S,P,K,L,E,P,,,,4,5,9,L,P,S,P,20,False,0
169,G,K,I,I,D,G,V,H,S,,,,5,4,9,G,S,D,G,24,True,0
170,V,V,V,V,F,T,E,I,A,,,,3,6,9,V,A,V,V,0,True,0
171,G,S,V,Y,F,Q,K,A,L,,,,5,4,9,G,L,F,Q,7,False,0
172,A,L,E,V,L,H,L,N,T,,,,7,2,9,A,T,L,N,5,True,0
173,Q,Q,R,S,G,T,N,L,P,,,,4,5,9,Q,P,S,G,12,False,0
174,I,N,P,Q,G,P,A,A,S,,,,6,3,9,I,S,P,A,15,False,0
175,L,S,H,Q,F,K,R,L,R,,,,7,2,9,L,R,R,L,3,True,0
176,L,S,E,E,D,V,S,E,F,,,,5,4,9,L,F,D,V,13,False,0
177,L,E,G,G,E,A,A,H,T,,,,6,3,9,L,T,A,A,12,False,0
178,R,L,R,N,S,S,Q,A,V,,,,2,7,9,R,V,L,R,18,False,0
179,H,H,T,D,K,F,S,A,L,,,,7,2,9,H,L,S,A,15,True,0
180,K,A,L,M,T,D,N,E,L,,,,2,7,9,K,L,A,L,15,False,0
181,R,N,M,W,W,E,R,Y,Q,,,,3,6,9,R,Q,M,W,16,True,0
182,E,E,L,M,A,A,A,V,A,,,,2,7,9,E,A,E,L,23,True,0
183,E,S,L,D,M,S,V,G,E,,,,3,6,9,E,E,L,D,18,True,0
184,P,F,L,S,S,S,H,I,I,,,,7,2,9,P,I,H,I,13,False,0
185,P,S,L,R,H,D,V,G,R,,,,4,5,9,P,R,R,H,10,True,0
186,I,C,T,R,R,S,S,N,L,,,,6,3,9,I,L,S,S,21,True,0
187,P,S,A,R,R,L,E,A,P,,,,2,7,9,P,P,S,A,18,True,0
188,N,W,K,Y,Y,A,K,K,I,,,,1,8,9,N,I,N,W,11,True,0
189,E,M,E,T,G,R,Q,T,A,,,,8,1,9,E,A,T,A,13,True,0
190,N,L,K,Q,V,L,E,L,Q,,,,3,6,9,N,Q,K,Q,16,True,0
191,Y,N,A,L,N,P,H,C,K,,,,2,7,9,Y,K,N,A,3,True,0
192,H,F,V,L,L,G,I,S,G,,,,8,1,9,H,G,S,G,22,False,0
193,S,D,W,L,Y,G,F,V,R,,,,4,5,9,S,R,L,Y,4,True,0
194,Y,L,S,P,S,R,E,F,S,,,,8,1,9,Y,S,F,S,19,False,0
195,E,P,K,L,A,F,C,D,M,,,,6,3,9,E,M,F,C,25,False,0
196,R,D,S,D,Q,A,P,N,Q,,,,7,2,9,R,Q,P,N,14,True,0
197,K,K,G,K,N,G,G,P,F,,,,8,1,9,K,F,P,F,6,False,0
198,P,S,K,Q,A,N,K,A,K,,,,1,8,9,P,K,P,S,2,True,0
199,A,T,A,P,A,P,N,N,L,,,,5,4,9,A,L,A,P,25,True,0
200,A,P,A,H,L,P,G,L,G,,,,4,5,9,A,G,H,L,15,False,0
201,D,Q,K,S,G,K,S,A,V,,,,7,2,9,D,V,S,A,10,False,0
202,L,G,L,L,Y,T,C,C,Y,,,,3,6,9,L,Y,L,L,4,False,0
203,W,V,L,C,L,N,L,P,K,,,,5,4,9,W,K,L,N,7,False,0
204,L,P,F,L,V,S,V,H,D,,,,4,5,9,L,D,L,V,18,False,0
205,T,A,A,L,L,H,K,A,T,,,,6,3,9,T,T,H,K,15,False,0
206,E,S,E,V,K,A,V,N,E,,,,3,6,9,E,E,E,V,2,True,0
207,I,L,W,R,K,D,G,K,Q,,,,7,2,9,I,Q,G,K,10,False,0
208,A,Y,M,T,M,K,I,K,G,,,,7,2,9,A,G,I,K,16,True,0
209,L,I,Y,D,L,S,W,S,K,,,,1,8,9,L,K,L,I,18,False,0
210,G,N,P,D,G,F,T,L,E,,,,5,4,9,G,E,G,F,6,True,0
211,Y,N,N,F,D,N,P,Q,R,,,,4,5,9,Y,R,F,D,20,True,0
212,G,Y,D,I,A,L,A,E,S,,,,6,3,9,G,S,L,A,0,True,0
213,L,Y,E,E,D,M,R,R,P,,,,1,8,9,L,P,L,Y,15,True,0
214,Q,I,K,E,E,K,D,K,L,,,,4,5,9,Q,L,E,E,23,False,0
215,A,M,A,Y,F,F,F,A,L,,,,4,5,9,A,L,Y,F,9,True,0
216,L,S,L,L,T,A,T,E,E,,,,7,2,9,L,E,T,E,7,False,0
217,P,S,Q,E,V,L,A,T,V,,,,1,8,9,P,V,P,S,9,False,0
218,L,L,L,T,A,L,E,Q,K,,,,7,2,9,L,K,E,Q,11,False,0
219,P,D,E,L,S,D,R,L,I,,,,7,2,9,P,I,R,L,4,True,0
220,L,F,K,A,G,P,L,P,S,,,,3,6,9,L,S,K,A,16,False,0
221,N,E,A,P,L,A,L,R,A,,,,5,4,9,N,A,L,A,3,False,0
222,Q,G,A,E,R,P,F,Y,N,,,,1,8,9,Q,N,Q,G,5,True,0
223,M,T,H,H,V,L,A,M,Q,,,,5,4,9,M,Q,V,L,8,True,0
224,V,V,N,I,K,E,L,K,K,,,,4,5,9,V,K,I,K,25,True,0
225,S,E,Y,H,I,S,I,A,I,,,,8,1,9,S,I,A,I,24,False,0
226,A,C,P,G,A,G,A,D,A,,,,1,8,9,A,A,A,C,2,False,0
227,W,T,H,T,W,A,D,E,T,,,,3,6,9,W,T,H,T,16,False,0
228,E,I,Y,Y,H,V,R,Q,Y,,,,5,4,9,E,Y,H,V,24,False,0
229,K,R,L,E,R,S,W,A,P,,,,8,1,9,K,P,A,P,23,False,0
230,I,L,D,V,S,L,D,P,Q,,,,3,6,9,I,Q,D,V,0,False,0
231,P,K,R,L,E,L,S,K,M,,,,4,5,9,P,M,L,E,4,False,0
232,L,M,E,G,L,A,R,V,L,,,,3,6,9,L,L,E,G,18,True,0
233,V,N,G,L,D,L,S,H,N,,,,3,6,9,V,N,G,L,11,False,0
234,V,P,E,C,R,N,N,E,E,,,,8,1,9,V,E,E,E,20,True,0
235,S,E,T,A,D,T,P,A,E,,,,4,5,9,S,E,A,D,3,False,0
236,G,Q,T,S,T,K,Q,K,G,,,,8,1,9,G,G,K,G,17,False,0
237,H,Y,L,F,Q,L,H,F,P,,,,5,4,9,H,P,Q,L,14,False,0
238,K,M,F,E,W,Q,A,P,T,,,,7,2,9,K,T,A,P,18,False,0
239,E,A,A,R,L,L,L,L,P,,,,2,7,9,E,P,A,A,8,True,0
240,A,G,C,K,K,C,H,H,E,,,,8,1,9,A,E,H,E,3,False,0
241,I,F,R,F,N,P,V,M,C,,,,1,8,9,I,C,I,F,22,False,0
242,P,L,A,Q,H,A,M,Q,T,,,,3,6,9,P,T,A,Q,18,False,0
243,F,Q,F,C,V,Y,P,V,L,,,,6,3,9,F,L,Y,P,6,False,0
244,E,D,T,E,T,K,K,S,P,,,,3,6,9,E,P,T,E,16,True,0
245,E,S,P,I,V,Q,L,V,V,,,,8,1,9,E,V,V,V,18,True,0
246,T,A,R,D,A,Q,L,L,I,,,,4,5,9,T,I,D,A,6,True,0
247,E,V,D,K,F,E,V,N,T,,,,2,7,9,E,T,V,D,14,True,0
248,Q,Y,A,G,L,S,L,S,L,,,,2,7,9,Q,L,Y,A,18,True,0
249,A,A,R,L,D,T,V,V,G,,,,6,3,9,A,G,T,V,15,False,0
250,A,I,V,G,S,N,Y,Y,V,,,,3,6,9,A,V,V,G,4,False,0
251,K,E,Y,C,Q,S,F,A,E,,,,5,4,9,K,E,Q,S,10,False,0
252,D,Y,T,T,A,W,T,K,F,,,,2,7,9,D,F,Y,T,22,False,0
253,K,R,V,T,T,A,D,D,F,,,,4,5,9,K,F,T,T,19,True,0
254,K,A,A,C,Q,E,I,K,N,,,,4,5,9,K,N,C,Q,21,True,0
255,D,L,D,S,P,A,P,V,T,,,,1,8,9,D,T,D,L,11,True,0
256,S,I,S,T,L,G,G,H,T,,,,6,3,9,S,T,G,G,17,True,0
257,L,S,S,G,T,A,F,R,A,,,,5,4,9,L,A,T,A,15,True,0
258,R,G,R,S,R,S,R,T,P,,,,1,8,9,R,P,R,G,5,False,0
259,D,G,I,M,D,T,H,P,V,,,,5,4,9,D,V,D,T,1,True,0
260,V,A,Y,F,G,L,S,R,E,,,,5,4,9,V,E,G,L,2,False,0
261,Y,I,I,R,E,G,T,I,G,,,,1,8,9,Y,G,Y,I,3,True,0
262,N,S,P,T,S,A,H,P,L,,,,7,2,9,N,L,H,P,10,True,0
263,L,F,N,P,E,E,I,L,K,,,,2,7,9,L,K,F,N,8,False,0
264,R,I,L,S,T,I,D,A,S,,,,7,2,9,R,S,D,A,7,False,0
265,E,L,Y,Q,E,E,K,Q,F,,,,3,6,9,E,F,Y,Q,25,False,0
266,Q,V,L,S,L,L,R,R,E,,,,1,8,9,Q,E,Q,V,11,False,0
267,P,H,L,Q,H,G,Q,F,Q,,,,1,8,9,P,Q,P,H,12,False,0
268,G,C,F,S,K,R,C,V,R,,,,6,3,9,G,R,R,C,11,False,0
269,N,K,L,S,S,H,G,Q,D,,,,4,5,9,N,D,S,S,4,True,0
270,V,L,I,L,E,L,L,W,H,,,,3,6,9,V,H,I,L,6,True,0
271,H,A,K,I,S,T,A,L,V,,,,6,3,9,H,V,T,A,6,False,0
272,G,Q,F,H,E,F,Q,I,G,,,,7,2,9,G,G,Q,I,3,False,0
273,A,T,L,S,R,S,S,K,K,,,,6,3,9,A,K,S,S,21,True,0
274,L,P,G,S,A,R,R,N,P,,,,8,1,9,L,P,N,P,17,False,0
275,K,S,S,A,N,T,R,Q,S,,,,6,3,9,K,S,T,R,16,True,0
276,G,F,V,A,Q,Q,P,L,V,,,,5,4,9,G,V,Q,Q,5,True,0
277,H,A,S,S,A,N,I,T,I,,,,7,2,9,H,I,I,T,23,True,0
278,T,Q,C,T,E,F,F,N,K,,,,7,2,9,T,K,F,N,23,True,0
279,L,R,L,C,S,V,H,P,Q,,,,7,2,9,L,Q,H,P,1,False,0
280,T,Q,K,K,C,N,Q,C,I,,,,8,1,9,T,I,C,I,13,False,0
281,A,E,S,T,D,R,S,P,S,,,,8,1,9,A,S,P,S,12,False,0
282,L,A,A,R,H,D,V,R,E,,,,2,7,9,L,E,A,A,7,True,0
283,E,A,G,K,M,L,A,I,N,,,,8,1,9,E,N,I,N,25,False,0
284,L,E,N,L,L,V,E,I,Q,,,,3,6,9,L,Q,N,L,7,False,0
285,H,F,F,N,I,S,L,C,T,,,,8,1,9,H,T,C,T,17,False,0
286,Q,D,S,L,H,V,E,A,G,,,,5,4,9,Q,G,H,V,25,False,0
287,S,G,T,T,G,Q,L,V,T,,,,3,6,9,S,T,T,T,23,True,0
288,I,E,K,S,L,L,V,Q,H,,,,7,2,9,I,H,V,Q,18,False,0
289,E,S,E,A,S,E,K,V,E,,,,7,2,9,E,E,K,V,4,True,0
290,L,H,D,P,N,I,F,G,F,,,,8,1,9,L,F,G,F,8,True,0
291,L,L,K,D,E,L,I,D,Q,,,,3,6,9,L,Q,K,D,22,True,0
292,K,L,G,W,S,P,K,P,G,,,,8,1,9,K,G,P,G,1,False,0
293,L,Q,Q,S,H,A,E,H,Q,,,,7,2,9,L,Q,E,H,4,False,0
294,G,E,E,A,C,S,S,A,Y,,,,7,2,9,G,Y,S,A,13,True,0
295,S,D,T,P,P,T,S,T,V,,,,7,2,9,S,V,S,T,2,False,0
296,A,E,I,Q,R,T,S,F,N,,,,7,2,9,A,N,S,F,14,True,0
297,T,W,Q,P,K,V,P,A,T,,,,5,4,9,T,T,K,V,17,True,0
298,R,L,E,D,F,P,L,P,T,,,,1,8,9,R,T,R,L,9,False,0
299,W,L,T,L,T,P,P,G,L,,,,5,4,9,W,L,T,P,12,False,0
300,A,L,S,T,V,E,T,V,N,,,,7,2,9,A,N,T,V,2,False,0
301,E,K,L,E,A,G,K,N,D,,,,5,4,9,E,D,A,G,6,True,0
302,P,A,I,S,L,S,A,S,S,,,,8,1,9,P,S,S,S,24,False,0
303,T,T,S,H,T,T,N,T,N,,,,1,8,9,T,N,T,T,15,False,0
304,C,V,C,L,N,T,L,Y,V,,,,6,3,9,C,V,T,L,15,True,0
305,K,N,N,Q,G,T,F,S,K,,,,4,5,9,K,K,Q,G,16,False,0
306,A,T,F,E,D,F,V,K,A,,,,6,3,9,A,A,F,V,17,True,0
307,I,P,G,T,S,S,R,K,W,,,,6,3,9,I,W,S,R,3,False,0
308,V,R,T,I,Y,D,D,Q,V,,,,2,7,9,V,V,R,T,10,True,0
309,A,S,G,N,V,K,P,Q,D,,,,5,4,9,A,D,V,K,13,True,0
310,L,M,T,F,Q,A,L,A,F,,,,4,5,9,L,F,F,Q,6,False,0
311,Q,V,L,E,I,A,L,A,D,,,,4,5,9,Q,D,E,I,11,False,0
312,Q,E,G,E,A,C,T,S,Y,,,,5,4,9,Q,Y,A,C,14,True,0
313,K,T,F,R,D,E,A,F,P,,,,2,7,9,K,P,T,F,16,True,0
314,S,P,E,E,L,R,F,G,G,,,,8,1,9,S,G,G,G,18,True,0
315,T,A,T,E,Q,H,I,A,S,,,,3,6,9,T,S,T,E,4,False,0
316,Q,L,G,P,R,I,G,R,L,,,,1,8,9,Q,L,Q,L,3,True,0
317,P,P,P,P,V,P,A,R,D,,,,7,2,9,P,D,A,R,21,True,0
318,V,H,M,L,Q,A,L,R,V,,,,3,6,9,V,V,M,L,16,True,0
319,K,V,G,L,S,K,N,P,S,,,,1,8,9,K,S,K,V,23,False,0
320,K,H,A,Q,K,R,R,A,R,,,,8,1,9,K,R,A,R,23,False,0
321,P,S,A,K,Q,P,V,D,S,,,,7,2,9,P,S,V,D,23,False,0
322,N,S,Q,N,Y,S,R,K,G,,,,2,7,9,N,G,S,Q,8,True,0
323,E,H,F,K,S,H,F,G,K,,,,4,5,9,E,K,K,S,20,False,0
324,H,V,I,K,W,T,K,F,F,,,,1,8,9,H,F,H,V,4,True,0
325,T,E,T,F,Y,A,K,K,K,,,,3,6,9,T,K,T,F,22,False,0
326,C,V,N,G,H,E,E,V,V,,,,6,3,9,C,V,E,E,0,False,0
327,S,Q,S,S,H,L,L,T,H,,,,1,8,9,S,H,S,Q,25,False,0
328,V,A,I,Y,Q,C,E,P,G,,,,2,7,9,V,G,A,I,20,True,0
329,S,S,S,L,L,S,S,R,A,,,,4,5,9,S,A,L,L,2,False,0
330,K,A,G,S,G,A,K,N,P,,,,1,8,9,K,P,K,A,20,True,0
331,E,D,E,G,G,A,G,G,S,,,,3,6,9,E,S,E,G,16,False,0
332,D,T,S,C,R,G,G,A,A,,,,5,4,9,D,A,R,G,15,True,0
333,L,E,E,A,L,Q,L,G,L,,,,6,3,9,L,L,Q,L,20,False,0
334,Y,L,L,Q,P,R,D,N,D,,,,8,1,9,Y,D,N,D,7,False,0
335,K,Y,Q,N,L,I,D,M,K,,,,7,2,9,K,K,D,M,19,True,0
336,R,D,W,G,S,R,V,G,S,,,,5,4,9,R,S,S,R,17,True,0
337,V,L,T,R,E,K,M,R,Q,,,,8,1,9,V,Q,R,Q,17,False,0
338,R,N,L,L,S,V,A,Y,W,,,,8,1,9,R,W,Y,W,10,False,0
339,A,E,R,Y,P,E,I,L,E,,,,1,8,9,A,E,A,E,7,True,0
340,Y,L,A,Y,I,N,A,K,S,,,,1,8,9,Y,S,Y,L,24,False,0
341,D,I,S,Q,S,R,F,R,R,,,,5,4,9,D,R,S,R,7,False,0
342,R,A,E,S,R,I,L,P,L,,,,2,7,9,R,L,A,E,20,True,0
343,G,E,R,T,H,T,G,E,K,,,,1,8,9,G,K,G,E,12,False,0
344,Y,S,V,Q,K,V,D,H,F,,,,3,6,9,Y,F,V,Q,4,False,0
345,A,P,C,K,L,G,S,Q,A,,,,1,8,9,A,A,A,P,22,False,0
346,T,F,E,A,V,L,K,C,D,,,,7,2,9,T,D,K,C,25,False,0
347,P,G,S,G,I,T,I,P,G,,,,2,7,9,P,G,G,S,25,True,0
348,Y,Q,L,Q,S,L,Y,F,K,,,,2,7,9,Y,K,Q,L,2,False,0
349,S,C,F,S,R,P,S,R,S,,,,7,2,9,S,S,S,R,24,True,0
350,P,A,R,A,G,V,S,E,H,,,,3,6,9,P,H,R,A,3,True,0
351,K,D,Y,G,S,T,R,S,I,,,,8,1,9,K,I,S,I,0,False,0
352,H,Q,F,A,R,K,P,V,E,,,,1,8,9,H,E,H,Q,13,True,0
353,D,Y,D,D,E,T,Y,G,E,,,,4,5,9,D,E,D,E,1,True,0
354,E,S,Q,F,F,R,E,L,Q,,,,1,8,9,E,Q,E,S,19,True,0
355,F,F,D,K,L,T,V,G,I,,,,7,2,9,F,I,V,G,6,False,0
356,D,S,W,R,G,P,M,L,Q,,,,6,3,9,D,Q,P,M,23,False,0
357,L,V,R,Q,H,A,G,C,M,,,,6,3,9,L,M,A,G,22,True,0
358,D,V,L,H,T,W,K,E,K,,,,8,1,9,D,K,E,K,17,False,0
359,T,L,A,E,Y,C,P,G,V,,,,7,2,9,T,V,P,G,1,True,0
360,P,L,P,L,T,H,A,L,P,,,,2,7,9,P,P,L,P,23,True,0
361,T,F,T,K,R,K,D,P,D,,,,5,4,9,T,D,R,K,13,False,0
362,N,R,Q,S,E,A,A,D,S,,,,1,8,9,N,S,N,R,25,True,0
363,D,D,G,A,H,Q,N,E,K,,,,5,4,9,D,K,H,Q,1,False,0
364,S,A,A,T,F,A,T,G,P,,,,4,5,9,S,P,T,F,2,False,0
365,R,G,E,L,T,E,A,T,P,,,,1,8,9,R,P,R,G,3,True,0
366,D,S,L,W,T,A,L,S,R,,,,8,1,9,D,R,S,R,14,False,0
367,R,I,V,D,P,K,E,S,Y,,,,2,7,9,R,Y,I,V,15,False,0
368,Q,Q,Q,L,P,M,H,L,D,,,,5,4,9,Q,D,P,M,9,True,0
369,N,S,V,T,E,G,V,S,E,,,,1,8,9,N,E,N,S,23,False,0
370,L,R,K,N,G,V,E,Q,L,,,,7,2,9,L,L,E,Q,13,True,0
371,G,A,G,L,S,Q,K,G,Y,,,,3,6,9,G,Y,G,L,9,True,0
372,M,T,E,T,E,H,S,I,A,,,,8,1,9,M,A,I,A,14,False,0
373,E,P,E,N,Q,Y,Q,A,S,,,,3,6,9,E,S,E,N,5,False,0
374,F,L,G,I,T,E,T,L,T,,,,3,6,9,F,T,G,I,1,True,0
375,K,I,Y,Q,A,N,G,K,C,,,,8,1,9,K,C,K,C,20,True,0
376,E,D,L,R,T,V,H,F,D,,,,4,5,9,E,D,R,T,13,True,0
377,A,C,C,G,S,D,G,E,E,,,,3,6,9,A,E,C,G,25,True,0
378,A,E,P,T,A,I,V,A,K,,,,2,7,9,A,K,E,P,12,True,0
379,E,T,I,T,G,P,S,H,P,,,,1,8,9,E,P,E,T,16,True,0
380,I,D,L,K,K,T,P,T,E,,,,2,7,9,I,E,D,L,8,True,0
381,R,S,N,K,D,G,S,F,L,,,,7,2,9,R,L,S,F,0,False,0
382,D,T,E,R,I,V,L,R,A,,,,5,4,9,D,A,I,V,9,False,0
383,A,E,V,T,A,R,A,Q,D,,,,6,3,9,A,D,R,A,21,False,0
384,T,T,S,G,S,G,K,E,E,,,,6,3,9,T,E,G,K,2,True,0
385,P,I,N,K,K,D,I,L,K,,,,2,7,9,P,K,I,N,20,True,0
386,N,L,K,N,K,K,R,G,V,,,,2,7,9,N,V,L,K,9,False,0
387,S,T,T,L,P,K,T,S,S,,,,3,6,9,S,S,T,L,3,True,0
388,L,P,P,E,G,R,I,S,V,,,,8,1,9,L,V,S,V,21,True,0
389,V,G,P,G,T,T,I,K,V,,,,8,1,9,V,V,K,V,0,False,0
390,A,G,L,G,T,G,R,R,E,,,,6,3,9,A,E,G,R,24,False,0
391,D,L,T,Y,P,I,T,N,Y,,,,7,2,9,D,Y,T,N,22,True,0
392,S,E,K,K,D,G,F,S,D,,,,2,7,9,S,D,E,K,17,False,0
393,A,S,L,L,I,H,L,S,L,,,,5,4,9,A,L,I,H,13,True,0
394,T,G,S,W,I,G,G,F,F,,,,7,2,9,T,F,G,F,24,False,0
395,L,A,E,K,N,V,D,G,E,,,,5,4,9,L,E,N,V,10,True,0
396,N,G,W,F,T,D,S,R,R,,,,8,1,9,N,R,R,R,5,True,0
397,I,E,G,T,Q,T,T,V,Q,,,,2,7,9,I,Q,E,G,19,True,0
398,V,T,P,L,L,G,L,T,W,,,,1,8,9,V,W,V,T,6,True,0
399,E,D,H,K,L,G,T,N,R,,,,2,7,9,E,R,D,H,15,False,0
400,S,R,E,I,N,H,F,F,C,,,,8,1,9,S,C,F,C,1,True,0
401,T,M,H,C,C,R,D,A,A,,,,4,5,9,T,A,C,C,11,False,0
402,V,M,E,G,E,M,G,S,V,,,,5,4,9,V,V,E,M,24,True,0
403,E,N,H,V,G,C,T,K,R,,,,2,7,9,E,R,N,H,23,True,0
404,G,P,Q,G,A,H,G,R,R,,,,4,5,9,G,R,G,A,3,True,0
405,C,V,D,T,P,D,D,D,D,,,,2,7,9,C,D,V,D,1,False,0
406,M,V,A,N,I,T,P,S,V,,,,2,7,9,M,V,V,A,18,True,0
407,G,G,E,P,G,G,P,Q,G,,,,1,8,9,G,G,G,G,22,True,0
408,S,I,L,R,V,P,T,S,D,,,,1,8,9,S,D,S,I,6,True,0
409,R,A,G,K,L,R,L,L,L,,,,7,2,9,R,L,L,L,0,True,0
410,L,E,E,A,G,L,L,V,L,,,,3,6,9,L,L,E,A,11,False,0
411,K,P,P,A,S,I,A,D,K,,,,6,3,9,K,K,I,A,6,True,0
412,V,L,G,Q,F,L,V,R,K,,,,4,5,9,V,K,Q,F,6,False,0
413,E,T,Q,E,A,M,A,L,Q,,,,3,6,9,E,Q,Q,E,14,True,0
414,P,G,D,P,G,H,I,L,C,,,,8,1,9,P,C,L,C,19,True,0
415,P,I,V,P,L,N,I,R,E,,,,8,1,9,P,E,R,E,20,True,0
416,I,F,N,D,P,I,G,K,Q,,,,4,5,9,I,Q,D,P,24,True,0
417,C,S,L,L,L,L,P,L,L,,,,2,7,9,C,L,S,L,16,True,0
418,G,P,E,L,R,R,L,C,K,,,,3,6,9,G,K,E,L,19,True,0
419,R,V,A,A,S,T,T,P,Q,,,,7,2,9,R,Q,T,P,24,False,0
420,I,V,V,Y,S,Q,L,P,G,,,,2,7,9,I,G,V,V,24,True,0
421,D,S,S,P,L,Q,P,L,S,,,,4,5,9,D,S,P,L,2,False,0
422,R,T,G,K,G,F,E,V,K,,,,5,4,9,R,K,G,F,25,False,0
423,A,L,D,N,N,R,M,S,I,,,,3,6,9,A,I,D,N,19,False,0
424,A,L,N,L,S,K,V,I,D,,,,2,7,9,A,D,L,N,17,False,0
425,K,P,Y,I,C,Q,S,V,R,,,,7,2,9,K,R,S,V,7,True,0
426,M,G,Y,Q,H,D,M,K,H,,,,7,2,9,M,H,M,K,3,True,0
427,S,E,S,E,K,D,K,M,S,,,,7,2,9,S,S,K,M,0,True,0
428,P,P,G,N,P,G,P,G,E,,,,6,3,9,P,E,G,P,1,False,0
429,R,K,Q,V,R,K,K,V,R,,,,4,5,9,R,R,V,R,8,False,0
430,Q,N,L,Q,N,H,R,L,V,,,,5,4,9,Q,V,N,H,0,False,0
431,G,L,S,I,R,A,E,G,V,,,,5,4,9,G,V,R,A,20,False,0
432,P,G,A,L,D,R,A,G,P,,,,5,4,9,P,P,D,R,10,True,0
433,G,G,Q,R,K,R,W,F,E,,,,4,5,9,G,E,R,K,3,False,0
434,S,P,L,A,E,H,E,L,V,,,,4,5,9,S,V,A,E,4,False,0
435,W,T,S,Q,W,M,N,G,T,,,,2,7,9,W,T,T,S,16,True,0
436,Q,A,A,R,A,R,A,R,L,,,,2,7,9,Q,L,A,A,13,True,0
437,P,E,G,A,E,K,G,K,E,,,,7,2,9,P,E,G,K,14,False,0
438,C,A,F,A,C,K,R,S,L,,,,7,2,9,C,L,R,S,4,True,0
439,T,K,K,H,K,L,V,Y,Q,,,,6,3,9,T,Q,L,V,18,False,0
440,Y,D,D,S,A,F,M,S,G,,,,7,2,9,Y,G,M,S,9,True,0
441,G,V,A,N,I,K,F,A,I,,,,4,5,9,G,I,N,I,10,True,0
442,S,V,S,M,T,G,K,N,W,,,,1,8,9,S,W,S,V,5,False,0
443,A,A,S,C,N,D,A,I,F,,,,6,3,9,A,F,D,A,12,False,0
444,M,A,Q,T,F,L,Q,K,V,,,,4,5,9,M,V,T,F,4,False,0
445,H,F,C,R,H,W,F,S,F,,,,3,6,9,H,F,C,R,5,True,0
446,T,Q,Q,E,I,K,L,Y,E,,,,7,2,9,T,E,L,Y,11,True,0
447,F,Q,P,G,S,F,G,K,E,,,,5,4,9,F,E,S,F,12,True,0
448,L,N,T,M,K,Q,T,R,E,,,,6,3,9,L,E,Q,T,22,True,0
449,T,E,W,S,A,C,S,D,P,,,,7,2,9,T,P,S,D,11,True,0
450,L,E,D,S,S,F,S,G,Y,,,,6,3,9,L,Y,F,S,7,False,0
451,K,I,S,G,Q,R,E,H,V,,,,5,4,9,K,V,Q,R,7,True,0
452,S,D,Y,Y,T,D,N,I,L,,,,6,3,9,S,L,D,N,21,True,0
453,D,S,L,I,Q,G,A,A,H,,,,1,8,9,D,H,D,S,24,False,0
454,I,I,Q,L,V,N,A,K,Q,,,,8,1,9,I,Q,K,Q,22,False,0
455,G,Q,V,V,S,G,P,H,E,,,,4,5,9,G,E,V,S,23,True,0
456,E,T,P,K,P,S,I,S,S,,,,8,1,9,E,S,S,S,11,True,0
457,G,Q,K,A,Y,I,V,K,N,,,,8,1,9,G,N,K,N,7,True,0
458,P,P,L,V,A,A,P,P,A,,,,4,5,9,P,A,V,A,14,True,0
459,S,E,A,E,A,E,T,K,E,,,,7,2,9,S,E,T,K,14,True,0
460,H,V,I,Y,L,V,V,D,E,,,,4,5,9,H,E,Y,L,21,False,0
461,F,A,E,L,I,P,F,L,D,,,,4,5,9,F,D,L,I,15,False,0
462,Q,L,K,L,A,Q,T,A,V,,,,1,8,9,Q,V,Q,L,5,False,0
463,G,Y,G,C,V,D,I,L,I,,,,1,8,9,G,I,G,Y,8,True,0
464,N,D,S,K,T,Q,V,T,V,,,,1,8,9,N,V,N,D,8,False,0
465,F,A,M,V,S,Q,S,G,L,,,,4,5,9,F,L,V,S,17,False,0
466,G,T,S,V,V,Q,R,R,V,,,,8,1,9,G,V,R,V,15,False,0
467,A,W,H,F,H,E,L,S,W,,,,6,3,9,A,W,E,L,15,True,0
468,L,V,A,D,I,F,S,S,Y,,,,1,8,9,L,Y,L,V,18,False,0
469,T,L,P,R,S,A,I,A,K,,,,4,5,9,T,K,R,S,21,False,0
470,P,Y,H,A,D,P,Y,Y,D,,,,3,6,9,P,D,H,A,23,True,0
471,V,D,S,L,N,R,A,E,G,,,,6,3,9,V,G,R,A,6,True,0
472,V,L,R,W,L,D,A,V,L,,,,6,3,9,V,L,D,A,16,True,0
473,S,F,H,P,V,L,G,G,A,,,,3,6,9,S,A,H,P,21,False,0
474,A,T,V,V,Q,T,F,S,N,,,,1,8,9,A,N,A,T,6,False,0
475,N,G,A,P,T,A,S,S,Q,,,,6,3,9,N,Q,A,S,14,True,0
476,E,A,I,A,S,L,S,R,G,,,,6,3,9,E,G,L,S,14,True,0
477,E,E,G,R,M,V,G,K,S,,,,2,7,9,E,S,E,G,14,True,0
478,F,P,G,G,V,G,G,I,P,,,,3,6,9,F,P,G,G,8,True,0
479,T,S,A,K,C,F,V,K,M,,,,5,4,9,T,M,C,F,11,True,0
480,D,E,S,D,S,A,T,G,S,,,,1,8,9,D,S,D,E,1,False,0
481,H,S,M,S,T,H,T,Q,R,,,,7,2,9,H,R,T,Q,22,True,0
482,Q,R,P,L,L,E,R,T,D,,,,8,1,9,Q,D,T,D,10,False,0
483,R,M,Y,F,L,G,F,E,S,,,,8,1,9,R,S,E,S,16,False,0
484,F,W,S,P,Q,G,Q,A,N,,,,7,2,9,F,N,Q,A,2,True,0
485,S,M,N,Y,S,L,K,L,R,,,,6,3,9,S,R,L,K,4,True,0
486,L,M,K,A,A,A,G,F,N,,,,5,4,9,L,N,A,A,13,False,0
487,S,V,W,P,E,N,T,M,F,,,,8,1,9,S,F,M,F,1,True,0
488,Q,P,P,P,V,Y,N,V,M,,,,4,5,9,Q,M,P,V,11,True,0
489,A,I,P,L,V,T,A,N,Y,,,,7,2,9,A,Y,A,N,18,False,0
490,I,S,S,V,L,L,L,S,R,,,,5,4,9,I,R,L,L,1,False,0
491,S,Q,C,K,P,V,T,Q,T,,,,2,7,9,S,T,Q,C,11,False,0
492,H,S,R,L,K,P,A,P,P,,,,1,8,9,H,P,H,S,12,False,0
493,P,I,Y,K,Q,Y,P,S,S,,,,6,3,9,P,S,Y,P,19,True,0
494,G,A,M,P,A,Q,V,R,M,,,,5,4,9,G,M,A,Q,1,True,0
495,M,A,A,E,G,E,L,D,Q,,,,4,5,9,M,Q,E,G,22,True,0
496,T,T,E,N,K,P,H,S,K,,,,8,1,9,T,K,S,K,13,False,0
497,S,G,G,D,E,E,D,T,R,,,,1,8,9,S,R,S,G,21,False,0
498,L,E,A,I,F,D,K,A,S,,,,6,3,9,L,S,D,K,3,False,0
499,A,G,F,R,E,L,G,P,P,,,,5,4,9,A,P,E,L,14,True,0
500,L,W,V,V,E,M,L,C,G,,,,1,8,9,L,G,L,W,7,False,0
501,F,W,L,H,D,R,R,V,C,,,,5,4,9,F,C,D,R,5,False,0
502,V,D,M,C,E,P,P,H,T,,,,5,4,9,V,T,E,P,6,True,0
503,K,L,Q,H,S,T,E,L,E,,,,5,4,9,K,E,S,T,10,True,0
504,R,R,E,H,G,P,F,L,D,,,,6,3,9,R,D,P,F,16,False,0
505,E,L,L,E,G,L,L,S,F,,,,3,6,9,E,F,L,E,2,False,0
506,S,P,G,Q,G,K,H,E,A,,,,4,5,9,S,A,Q,G,16,True,0
507,M,S,D,R,Q,S,Y,L,V,,,,1,8,9,M,V,M,S,18,False,0
508,R,L,C,V,L,P,G,L,R,,,,3,6,9,R,R,C,V,24,True,0
509,Y,D,L,L,P,R,S,V,K,,,,2,7,9,Y,K,D,L,4,True,0
510,P,F,K,C,K,E,R,I,H,,,,6,3,9,P,H,E,R,15,False,0
511,R,S,P,E,S,F,P,R,K,,,,5,4,9,R,K,S,F,10,False,0
512,L,P,I,L,I,K,S,G,E,,,,2,7,9,L,E,P,I,2,True,0
513,L,V,S,G,N,D,L,G,N,,,,6,3,9,L,N,D,L,17,False,0
514,A,K,E,K,R,Q,E,Q,I,,,,1,8,9,A,I,A,K,14,False,0
515,I,F,F,L,P,E,K,I,S,,,,1,8,9,I,S,I,F,23,True,0
516,E,E,L,A,R,I,M,G,Y,,,,8,1,9,E,Y,G,Y,14,True,0
517,S,T,I,G,T,S,I,D,P,,,,1,8,9,S,P,S,T,5,True,0
518,S,L,K,D,N,G,W,H,G,,,,8,1,9,S,G,H,G,10,False,0
519,G,P,L,G,T,R,G,A,L,,,,8,1,9,G,L,A,L,14,True,0
520,A,A,M,A,D,R,E,L,F,,,,8,1,9,A,F,L,F,20,True,0
521,L,D,P,K,V,D,P,I,S,,,,3,6,9,L,S,P,K,22,False,0
522,D,E,S,E,E,S,L,E,M,,,,8,1,9,D,M,E,M,24,False,0
523,W,M,L,L,C,A,E,D,E,,,,2,7,9,W,E,M,L,5,True,0
524,P,E,P,M,P,H,S,P,V,,,,2,7,9,P,V,E,P,13,False,0
525,V,L,P,L,L,L,E,G,I,,,,3,6,9,V,I,P,L,19,False,0
526,H,K,S,F,S,Q,S,S,I,,,,1,8,9,H,I,H,K,12,False,0
527,G,G,I,Y,A,A,W,A,A,,,,8,1,9,G,A,A,A,17,True,0
528,Y,L,A,R,R,P,V,D,G,,,,1,8,9,Y,G,Y,L,18,True,0
529,E,V,C,N,R,S,N,T,V,,,,1,8,9,E,V,E,V,18,True,0
530,G,N,P,K,S,G,L,S,P,,,,5,4,9,G,P,S,G,15,False,0
531,G,N,P,P,Q,R,Q,P,V,,,,2,7,9,G,V,N,P,18,True,0
532,S,V,L,I,Q,H,Q,R,A,,,,8,1,9,S,A,R,A,4,True,0
533,C,S,Q,A,N,N,G,H,A,,,,3,6,9,C,A,Q,A,3,True,0
534,C,T,S,V,E,N,G,G,C,,,,2,7,9,C,C,T,S,20,False,0
535,P,K,R,R,G,A,A,S,E,,,,5,4,9,P,E,G,A,13,False,0
536,R,P,K,P,G,E,L,A,F,,,,6,3,9,R,F,E,L,0,False,0
537,N,F,G,H,Q,G,T,I,T,,,,2,7,9,N,T,F,G,25,False,0
538,Y,R,S,I,S,L,W,F,N,,,,6,3,9,Y,N,L,W,5,True,0
539,E,L,Q,L,R,E,G,H,V,,,,1,8,9,E,V,E,L,4,True,0
540,I,E,Q,E,G,P,E,Y,D,,,,8,1,9,I,D,Y,D,1,False,0
541,T,A,I,S,F,D,A,K,V,,,,8,1,9,T,V,K,V,18,False,0
542,D,Y,G,V,L,K,G,I,L,,,,5,4,9,D,L,L,K,16,False,0
543,F,V,C,T,T,N,V,Y,S,,,,4,5,9,F,S,T,T,10,True,0
544,V,V,S,Y,F,I,R,N,M,,,,1,8,9,V,M,V,V,4,True,0
545,R,R,L,I,F,T,R,K,G,,,,1,8,9,R,G,R,R,22,False,0
546,Y,S,V,S,S,Q,R,S,R,,,,2,7,9,Y,R,S,V,23,True,0
547,Y,K,D,V,E,R,V,L,D,,,,3,6,9,Y,D,D,V,14,False,0
548,L,R,V,A,Q,T,E,E,Q,,,,7,2,9,L,Q,E,E,1,True,0
549,G,N,A,F,I,E,E,K,A,,,,4,5,9,G,A,F,I,9,True,0
550,L,R,P,A,P,P,E,G,V,,,,7,2,9,L,V,E,G,2,True,0
551,K,M,G,L,E,G,D,M,P,,,,5,4,9,K,P,E,G,12,False,0
552,E,G,A,Q,R,V,D,T,I,,,,4,5,9,E,I,Q,R,19,False,0
553,E,Q,Q,V,V,T,K,T,H,,,,4,5,9,E,H,V,V,24,True,0
554,E,M,C,D,M,V,F,R,S,,,,2,7,9,E,S,M,C,18,True,0
555,P,K,V,E,W,P,V,F,T,,,,5,4,9,P,T,W,P,25,True,0
556,V,R,L,G,G,V,A,R,P,,,,5,4,9,V,P,G,V,14,True,0
557,L,N,D,Q,I,S,S,A,T,,,,6,3,9,L,T,S,S,25,True,0
558,R,L,Y,P,S,G,A,Y,G,,,,8,1,9,R,G,Y,G,10,False,0
559,E,Q,L,A,P,A,E,E,V,,,,2,7,9,E,V,Q,L,3,True,0
560,A,A,V,A,S,S,G,D,A,,,,6,3,9,A,A,S,G,15,False,0
561,P,V,P,T,Y,R,P,E,M,,,,3,6,9,P,M,P,T,25,True,0
562,S,K,W,L,V,I,V,M,A,,,,8,1,9,S,A,M,A,22,True,0
563,Q,Q,E,V,V,A,K,V,M,,,,2,7,9,Q,M,Q,E,11,False,0
564,D,R,D,G,A,A,T,S,Y,,,,6,3,9,D,Y,A,T,25,False,0
565,P,G,Q,H,L,A,P,S,A,,,,6,3,9,P,A,A,P,15,True,0
566,C,L,T,P,I,V,S,L,H,,,,3,6,9,C,H,T,P,4,False,0
567,E,Q,G,S,S,F,Y,A,L,,,,2,7,9,E,L,Q,G,7,False,0
568,H,Q,D,D,G,G,E,N,R,,,,1,8,9,H,R,H,Q,3,True,0
569,P,S,P,E,E,V,G,N,C,,,,4,5,9,P,C,E,E,20,False,0
570,R,T,N,M,K,G,E,Q,E,,,,3,6,9,R,E,N,M,17,False,0
571,P,H,T,Q,G,A,L,T,P,,,,8,1,9,P,P,T,P,7,True,0
572,P,V,Q,K,P,R,M,S,V,,,,3,6,9,P,V,Q,K,18,True,0
573,R,A,L,D,S,G,A,S,T,,,,7,2,9,R,T,A,S,1,False,0
574,S,L,P,A,E,S,T,P,M,,,,6,3,9,S,M,S,T,20,False,0
575,G,E,S,T,V,F,R,A,H,,,,6,3,9,G,H,F,R,0,False,0
576,C,A,A,G,A,W,G,D,Q,,,,6,3,9,C,Q,W,G,9,True,0
577,V,N,V,D,E,I,I,H,V,,,,7,2,9,V,V,I,H,8,True,0
578,N,P,Q,K,V,H,T,L,E,,,,5,4,9,N,E,V,H,3,False,0
579,I,I,T,A,E,G,L,G,R,,,,1,8,9,I,R,I,I,6,False,0
580,F,N,T,A,N,S,T,P,A,,,,2,7,9,F,A,N,T,22,False,0
581,G,C,P,L,A,A,R,P,T,,,,7,2,9,G,T,R,P,21,False,0
582,Y,C,R,L,R,E,A,E,R,,,,7,2,9,Y,R,A,E,1,True,0
583,T,N,L,L,P,G,P,G,R,,,,5,4,9,T,R,P,G,14,False,0
584,N,F,V,Q,K,V,L,S,N,,,,2,7,9,N,N,F,V,10,False,0
585,M,T,L,T,Q,V,S,T,T,,,,8,1,9,M,T,T,T,15,False,0
586,I,S,I,A,K,S,P,V,F,,,,4,5,9,I,F,A,K,12,True,0
587,E,S,E,M,N,P,E,G,V,,,,5,4,9,E,V,N,P,25,False,0
588,Q,N,S,A,G,Y,H,G,D,,,,4,5,9,Q,D,A,G,20,False,0
589,N,G,I,I,A,K,D,P,M,,,,8,1,9,N,M,P,M,16,True,0
590,G,M,T,H,T,R,R,K,S,,,,1,8,9,G,S,G,M,6,True,0
591,F,D,L,P,L,D,I,S,N,,,,4,5,9,F,N,P,L,6,True,0
592,T,V,N,H,N,K,T,S,P,,,,6,3,9,T,P,K,T,13,True,0
593,L,A,H,T,S,S,W,E,K,,,,7,2,9,L,K,W,E,16,False,0
594,R,F,L,N,S,L,G,T,I,,,,1,8,9,R,I,R,F,18,True,0
595,W,Y,S,F,Q,D,R,E,L,,,,6,3,9,W,L,D,R,14,True,0
596,Y,C,I,Q,T,K,H,E,E,,,,7,2,9,Y,E,H,E,21,True,0
597,F,Y,E,L,Y,Y,G,L,N,,,,3,6,9,F,N,E,L,19,False,0
598,L,L,P,P,S,V,R,P,L,,,,5,4,9,L,L,S,V,14,True,0
599,K,D,S,G,G,L,K,R,S,,,,7,2,9,K,S,K,R,0,True,0
600,I,N,Y,N,C,E,I,P,I,,,,7,2,9,I,I,I,P,11,True,0
601,A,N,A,T,A,D,F,E,L,,,,8,1,9,A,L,E,L,19,False,0
602,R,E,R,S,T,V,A,A,E,,,,4,5,9,R,E,S,T,6,True,0
603,E,G,K,L,N,R,V,L,G,,,,3,6,9,E,G,K,L,6,False,0
604,N,Y,S,S,R,T,E,P,S,,,,7,2,9,N,S,E,P,16,True,0
605,G,F,S,E,F,L,L,V,I,,,,8,1,9,G,I,V,I,5,True,0
606,C,L,P,S,C,L,Q,A,C,,,,2,7,9,C,C,L,P,12,True,0
607,A,D,G,P,P,G,E,K,G,,,,6,3,9,A,G,G,E,9,False,0
608,N,G,E,R,A,D,V,S,K,,,,5,4,9,N,K,A,D,21,True,0
609,V,P,R,D,E,V,R,T,G,,,,3,6,9,V,G,R,D,11,False,0
610,S,G,S,G,P,G,S,L,K,,,,4,5,9,S,K,G,P,19,False,0
611,E,G,V,S,G,A,E,Q,E,,,,6,3,9,E,E,A,E,18,True,0
612,V,G,A,V,V,K,A,R,D,,,,3,6,9,V,D,A,V,0,False,0
613,N,G,D,R,Q,F,A,N,G,,,,7,2,9,N,G,A,N,10,True,0
614,P,P,I,L,V,W,A,P,R,,,,2,7,9,P,R,P,I,3,True,0
615,D,F,N,I,T,G,R,W,H,,,,5,4,9,D,H,T,G,5,True,0
616,L,T,N,L,V,G,F,G,I,,,,3,6,9,L,I,N,L,2,False,0
617,K,S,V,S,S,L,H,H,S,,,,4,5,9,K,S,S,S,14,False,0
618,D,P,L,G,A,S,D,P,L,,,,4,5,9,D,L,G,A,1,True,0
619,P,G,T,S,Y,N,G,E,D,,,,5,4,9,P,D,Y,N,5,False,0
620,P,E,E,S,Q,A,E,Q,Q,,,,4,5,9,P,Q,S,Q,12,False,0
621,R,E,A,R,G,T,S,A,P,,,,5,4,9,R,P,G,T,11,False,0
622,F,E,Q,L,L,P,L,S,A,,,,3,6,9,F,A,Q,L,12,False,0
623,C,N,P,E,K,N,H,L,C,,,,2,7,9,C,C,N,P,19,False,0
624,S,N,H,T,I,W,F,G,L,,,,8,1,9,S,L,G,L,9,True,0
625,G,D,T,N,G,A,Y,D,V,,,,4,5,9,G,V,N,G,7,True,0
626,C,H,F,M,D,P,Q,T,V,,,,8,1,9,C,V,T,V,16,False,0
627,I,Q,C,N,Q,P,L,D,D,,,,2,7,9,I,D,Q,C,4,False,0
628,L,V,V,V,S,D,L,L,C,,,,5,4,9,L,C,S,D,2,True,0
629,N,T,Y,F,R,H,F,K,V,,,,8,1,9,N,V,K,V,23,True,0
630,D,L,R,D,D,V,V,A,L,,,,7,2,9,D,L,V,A,17,False,0
631,R,R,Y,K,L,V,S,R,F,,,,4,5,9,R,F,K,L,16,True,0
632,I,E,G,S,N,S,K,V,P,,,,2,7,9,I,P,E,G,1,True,0
633,F,R,E,E,L,A,P,L,Q,,,,7,2,9,F,Q,P,L,8,False,0
634,R,D,W,I,G,V,P,R,K,,,,1,8,9,R,K,R,D,9,True,0
635,H,I,E,I,S,V,D,Q,Y,,,,2,7,9,H,Y,I,E,5,False,0
636,F,K,C,N,E,C,G,K,H,,,,8,1,9,F,H,K,H,14,False,0
637,H,V,E,R,T,K,G,N,K,,,,2,7,9,H,K,V,E,11,True,0
638,T,V,H,F,L,T,K,L,P,,,,2,7,9,T,P,V,H,21,True,0
639,V,Q,N,E,N,G,E,Y,T,,,,1,8,9,V,T,V,Q,6,False,0
640,V,P,G,Q,V,Q,A,V,A,,,,6,3,9,V,A,Q,A,22,False,0
641,M,D,E,G,S,L,A,A,V,,,,3,6,9,M,V,E,G,8,True,0
642,K,V,C,G,K,C,F,S,R,,,,1,8,9,K,R,K,V,2,False,0
643,S,A,A,Q,P,P,A,H,L,,,,2,7,9,S,L,A,A,25,True,0
644,P,P,T,A,G,F,P,R,R,,,,3,6,9,P,R,T,A,8,True,0
645,P,A,E,G,S,S,K,P,F,,,,7,2,9,P,F,K,P,10,False,0
646,Q,V,K,E,A,A,P,S,Q,,,,2,7,9,Q,Q,V,K,10,False,0
647,F,L,R,E,G,A,N,V,L,,,,5,4,9,F,L,G,A,14,True,0
648,D,P,T,A,P,S,P,P,L,,,,7,2,9,D,L,P,P,2,True,0
649,P,V,A,V,Q,A,Q,H,I,,,,4,5,9,P,I,V,Q,18,False,0
650,W,K,R,S,Y,T,R,M,L,,,,8,1,9,W,L,M,L,0,False,0
651,H,G,K,K,C,T,E,I,V,,,,2,7,9,H,V,G,K,16,True,0
652,K,E,Q,G,Q,I,T,L,E,,,,8,1,9,K,E,L,E,10,False,0
653,R,V,P,R,F,G,S,G,M,,,,2,7,9,R,M,V,P,24,True,0
654,G,K,Q,A,G,T,S,T,A,,,,7,2,9,G,A,S,T,2,True,0
655,S,K,K,S,D,S,M,T,D,,,,1,8,9,S,D,S,K,18,True,0
656,T,E,V,E,R,D,Q,V,I,,,,4,5,9,T,I,E,R,7,True,0
657,R,R,K,Q,L,L,R,R,R,,,,1,8,9,R,R,R,R,1,False,0
658,Y,A,Q,G,A,A,P,G,Q,,,,4,5,9,Y,Q,G,A,23,True,0
659,I,N,W,K,K,L,G,N,K,,,,6,3,9,I,K,L,G,7,True,0
660,S,S,E,N,L,S,R,W,P,,,,4,5,9,S,P,N,L,18,True,0
661,R,A,F,R,V,A,Q,P,I,,,,6,3,9,R,I,A,Q,24,False,0
662,N,V,R,T,F,L,H,A,A,,,,2,7,9,N,A,V,R,0,True,0
663,Q,N,C,R,S,P,E,G,E,,,,2,7,9,Q,E,N,C,23,False,0
664,S,N,C,M,L,D,F,T,A,,,,6,3,9,S,A,D,F,2,True,0
665,N,I,P,E,Y,E,P,R,K,,,,6,3,9,N,K,E,P,20,False,0
666,P,E,G,R,T,V,M,Y,M,,,,4,5,9,P,M,R,T,25,True,0
667,K,T,Q,A,I,V,D,R,K,,,,6,3,9,K,K,V,D,3,True,0
668,H,E,C,K,E,C,F,E,C,,,,6,3,9,H,C,C,F,25,True,0
669,C,V,D,V,G,L,P,A,P,,,,6,3,9,C,P,L,P,6,False,0
670,P,A,P,R,W,T,S,Q,M,,,,8,1,9,P,M,Q,M,19,True,0
671,R,Y,N,D,I,A,N,L,S,,,,4,5,9,R,S,D,I,9,False,0
672,A,S,P,T,S,Q,V,A,R,,,,1,8,9,A,R,A,S,9,False,0
673,P,L,D,F,Q,G,P,E,A,,,,2,7,9,P,A,L,D,14,True,0
674,D,H,V,T,A,K,A,E,H,,,,5,4,9,D,H,A,K,19,False,0
675,G,H,Q,F,N,L,A,S,D,,,,4,5,9,G,D,F,N,1,False,0
676,E,G,G,A,S,S,L,R,G,,,,7,2,9,E,G,L,R,12,True,0
677,L,Y,L,V,S,L,S,E,V,,,,3,6,9,L,V,L,V,23,False,0
678,I,E,F,E,Q,F,G,N,P,,,,6,3,9,I,P,F,G,9,True,0
679,Y,F,V,I,V,A,F,Y,L,,,,4,5,9,Y,L,I,V,8,True,0
680,F,V,E,N,N,P,I,I,E,,,,6,3,9,F,E,P,I,18,True,0
681,N,S,P,N,V,G,P,Q,M,,,,3,6,9,N,M,P,N,13,False,0
682,V,K,L,Q,R,Q,S,L,S,,,,6,3,9,V,S,Q,S,15,False,0
683,F,L,P,A,M,I,A,L,W,,,,7,2,9,F,W,A,L,4,True,0
684,P,D,D,L,L,I,S,T,Y,,,,8,1,9,P,Y,T,Y,0,False,0
685,L,L,E,N,L,D,D,H,L,,,,8,1,9,L,L,H,L,7,False,0
686,A,A,V,R,E,T,P,H,A,,,,6,3,9,A,A,T,P,23,False,0
687,P,G,P,A,G,R,L,D,S,,,,6,3,9,P,S,R,L,1,True,0
688,R,D,R,T,Q,A,R,C,R,,,,2,7,9,R,R,D,R,8,False,0
689,L,D,A,L,M,V,N,Y,V,,,,7,2,9,L,V,N,Y,10,True,0
690,N,R,H,H,T,N,Q,N,L,,,,4,5,9,N,L,H,T,22,False,0
691,G,K,G,G,R,G,I,L,L,,,,6,3,9,G,L,G,I,14,False,0
692,I,C,K,A,E,L,I,Q,A,,,,7,2,9,I,A,I,Q,2,False,0
693,T,K,N,S,K,T,K,T,I,,,,3,6,9,T,I,N,S,10,True,0
694,R,Y,F,G,G,Q,I,N,H,,,,3,6,9,R,H,F,G,25,True,0
695,D,G,E,S,C,T,S,D,Y,,,,7,2,9,D,Y,S,D,24,False,0
696,D,G,Q,P,A,V,Q,P,Q,,,,8,1,9,D,Q,P,Q,23,False,0
697,L,K,Y,I,E,D,E,R,K,,,,3,6,9,L,K,Y,I,15,False,0
698,R,S,E,V,T,K,V,P,R,,,,2,7,9,R,R,S,E,24,True,0
699,Q,A,T,V,V,E,P,T,L,,,,5,4,9,Q,L,V,E,4,True,0
700,Y,Y,R,K,L,K,Q,Q,A,,,,3,6,9,Y,A,R,K,2,True,0
701,M,A,V,S,D,S,C,F,R,,,,2,7,9,M,R,A,V,19,False,0
702,C,C,C,G,E,R,E,N,M,,,,7,2,9,C,M,E,N,14,True,0
703,V,L,K,K,V,K,H,E,N,,,,7,2,9,V,N,H,E,3,False,0
704,L,G,P,E,T,H,A,E,V,,,,4,5,9,L,V,E,T,14,True,0
705,P,S,T,F,G,V,K,G,G,,,,2,7,9,P,G,S,T,3,False,0
706,T,G,L,R,L,L,P,L,K,,,,8,1,9,T,K,L,K,25,True,0
707,K,S,E,E,Q,V,F,L,P,,,,7,2,9,K,P,F,L,15,True,0
708,V,T,E,L,C,S,S,T,T,,,,8,1,9,V,T,T,T,22,True,0
709,T,I,A,A,G,V,N,C,C,,,,6,3,9,T,C,V,N,22,False,0
710,F,L,V,G,S,S,V,N,R,,,,3,6,9,F,R,V,G,22,True,0
711,Q,D,R,K,Q,S,I,I,D,,,,2,7,9,Q,D,D,R,7,True,0
712,L,A,L,G,F,N,H,L,P,,,,2,7,9,L,P,A,L,18,True,0
713,G,R,G,R,F,G,E,V,T,,,,8,1,9,G,T,V,T,18,True,0
714,G,G,G,V,V,E,R,S,K,,,,1,8,9,G,K,G,G,19,True,0
715,T,T,I,T,A,P,P,S,R,,,,1,8,9,T,R,T,T,1,False,0
716,Y,M,T,H,V,C,T,K,M,,,,6,3,9,Y,M,C,T,15,True,0
717,N,M,H,K,S,K,D,R,P,,,,3,6,9,N,P,H,K,14,False,0
718,E,R,L,N,E,D,R,Q,W,,,,3,6,9,E,W,L,N,13,True,0
719,S,S,G,M,V,K,G,I,R,,,,5,4,9,S,R,V,K,15,True,0
720,P,V,T,T,K,E,N,D,S,,,,7,2,9,P,S,N,D,14,False,0
721,M,N,S,T,P,T,L,N,R,,,,1,8,9,M,R,M,N,18,False,0
722,L,P,S,D,K,L,S,K,I,,,,1,8,9,L,I,L,P,7,False,0
723,V,L,D,R,E,Q,L,C,R,,,,1,8,9,V,R,V,L,10,True,0
724,N,P,G,E,P,G,Y,I,R,,,,2,7,9,N,R,P,G,10,False,0
725,Y,Q,E,N,F,E,K,E,T,,,,4,5,9,Y,T,N,F,9,True,0
726,H,Q,K,E,I,Q,G,R,A,,,,7,2,9,H,A,G,R,9,False,0
727,Y,S,E,R,S,A,G,F,Q,,,,7,2,9,Y,Q,G,F,14,True,0
728,T,A,F,R,A,A,T,P,E,,,,1,8,9,T,E,T,A,11,False,0
729,N,M,K,V,Y,Q,T,L,S,,,,3,6,9,N,S,K,V,25,True,0
730,G,K,S,P,T,A,V,A,F,,,,2,7,9,G,F,K,S,10,True,0
731,R,I,S,P,D,K,V,W,V,,,,5,4,9,R,V,D,K,9,False,0
732,D,L,L,K,A,S,E,T,P,,,,3,6,9,D,P,L,K,11,False,0
733,K,S,G,I,S,L,G,L,S,,,,7,2,9,K,S,G,L,13,True,0
734,R,F,E,A,R,Q,G,Q,S,,,,7,2,9,R,S,G,Q,18,False,0
735,D,V,R,S,A,E,V,L,L,,,,3,6,9,D,L,R,S,16,False,0
736,C,A,I,K,E,A,A,R,W,,,,2,7,9,C,W,A,I,17,True,0
737,H,F,Y,S,D,S,S,I,P,,,,8,1,9,H,P,I,P,23,False,0
738,K,M,E,K,D,F,Y,K,D,,,,1,8,9,K,D,K,M,23,True,0
739,R,A,P,F,V,A,F,H,Y,,,,7,2,9,R,Y,F,H,4,False,0
740,S,P,K,P,K,G,G,P,A,,,,3,6,9,S,A,K,P,21,False,0
741,I,S,T,N,E,K,N,S,V,,,,3,6,9,I,V,T,N,2,True,0
742,P,D,M,P,H,H,T,S,L,,,,6,3,9,P,L,H,T,0,False,0
743,A,Q,V,V,A,V,T,G,D,,,,1,8,9,A,D,A,Q,19,True,0
744,D,T,S,I,T,E,T,S,V,,,,3,6,9,D,V,S,I,9,True,0
745,T,P,I,R,V,N,N,V,R,,,,3,6,9,T,R,I,R,20,False,0
746,T,C,L,S,L,L,W,R,I,,,,1,8,9,T,I,T,C,1,False,0
747,R,N,K,L,L,M,T,H,L,,,,4,5,9,R,L,L,L,2,False,0
748,E,R,I,K,D,F,K,K,A,,,,5,4,9,E,A,D,F,9,False,0
749,D,I,L,Q,M,I,G,G,G,,,,7,2,9,D,G,G,G,8,True,0
750,G,R,G,N,P,I,V,L,V,,,,6,3,9,G,V,I,V,17,False,0
751,F,L,H,L,C,H,L,A,L,,,,1,8,9,F,L,F,L,0,False,0
752,S,W,G,D,E,V,S,P,T,,,,3,6,9,S,T,G,D,0,True,0
753,D,R,E,C,T,Q,P,E,P,,,,3,6,9,D,P,E,C,2,False,0
754,S,P,P,G,Y,N,A,W,C,,,,8,1,9,S,C,W,C,19,False,0
755,L,D,K,V,Q,S,R,E,G,,,,4,5,9,L,G,V,Q,19,False,0
756,I,Y,L,Q,F,L,R,L,L,,,,3,6,9,I,L,L,Q,5,False,0
757,K,R,L,K,K,E,K,V,N,,,,8,1,9,K,N,V,N,24,True,0
758,A,P,Q,I,G,G,A,D,H,,,,3,6,9,A,H,Q,I,19,True,0
759,G,K,F,D,E,L,H,Q,L,,,,1,8,9,G,L,G,K,14,False,0
760,G,H,I,I,G,A,V,V,G,,,,8,1,9,G,G,V,G,12,False,0
761,L,I,Y,Q,V,T,A,E,I,,,,7,2,9,L,I,A,E,22,False,0
762,E,H,A,G,Y,L,T,D,F,,,,6,3,9,E,F,L,T,25,True,0
763,S,E,L,D,P,I,A,T,K,,,,8,1,9,S,K,T,K,8,True,0
764,W,G,R,E,E,E,K,E,T,,,,8,1,9,W,T,E,T,14,False,0
765,L,Y,M,L,F,R,G,I,T,,,,8,1,9,L,T,I,T,9,True,0
766,T,T,L,D,S,Q,Q,L,H,,,,1,8,9,T,H,T,T,21,True,0
767,V,P,N,I,M,A,F,L,S,,,,4,5,9,V,S,I,M,13,True,0
768,R,L,R,V,A,R,S,P,L,,,,1,8,9,R,L,R,L,9,True,0
769,A,N,I,F,V,V,T,E,A,,,,3,6,9,A,A,I,F,21,False,0
770,A,E,L,L,P,I,F,P,E,,,,7,2,9,A,E,F,P,1,False,0
771,P,P,V,P,F,L,H,A,L,,,,8,1,9,P,L,A,L,13,False,0
772,M,A,L,G,T,L,A,G,G,,,,1,8,9,M,G,M,A,11,True,0
773,A,A,E,E,T,P,A,A,E,,,,5,4,9,A,E,T,P,9,False,0
774,G,H,T,L,V,G,P,S,E,,,,3,6,9,G,E,T,L,16,True,0
775,K,Q,K,A,F,E,R,G,E,,,,7,2,9,K,E,R,G,23,False,0
776,S,K,R,K,Y,R,K,M,A,,,,2,7,9,S,A,K,R,13,False,0
777,Y,L,Y,T,A,A,L,E,M,,,,4,5,9,Y,M,T,A,12,True,0
778,I,V,K,T,G,K,F,F,G,,,,7,2,9,I,G,F,F,3,False,0
779,K,I,P,F,T,E,L,S,Y,,,,6,3,9,K,Y,E,L,24,True,0
780,A,A,R,G,S,D,K,K,Y,,,,5,4,9,A,Y,S,D,10,False,0
781,L,A,E,S,G,L,K,A,Q,,,,3,6,9,L,Q,E,S,25,True,0
782,V,E,T,T,P,L,S,E,D,,,,6,3,9,V,D,L,S,14,False,0
783,Y,F,H,A,E,A,L,I,N,,,,4,5,9,Y,N,A,E,24,False,0
784,V,R,R,A,L,P,S,R,P,,,,7,2,9,V,P,S,R,19,True,0
785,P,Q,S,P,V,F,E,G,G,,,,8,1,9,P,G,G,G,15,False,0
786,L,C,L,Q,Y,Y,T,D,P,,,,2,7,9,L,P,C,L,20,False,0
787,S,G,G,K,F,C,E,G,L,,,,1,8,9,S,L,S,G,21,False,0
788,P,G,K,K,V,S,S,T,H,,,,2,7,9,P,H,G,K,14,False,0
789,A,H,G,H,G,G,C,S,D,,,,8,1,9,A,D,S,D,2,True,0
790,Q,I,R,Q,Q,Q,Y,K,F,,,,7,2,9,Q,F,Y,K,0,False,0
791,D,G,L,H,P,V,T,P,S,,,,6,3,9,D,S,V,T,1,False,0
792,D,R,T,S,K,S,K,E,S,,,,2,7,9,D,S,R,T,4,False,0
793,R,T,A,D,R,E,L,L,P,,,,1,8,9,R,P,R,T,20,False,0
794,L,Y,V,T,R,L,D,N,Y,,,,8,1,9,L,Y,N,Y,23,False,0
795,L,I,F,K,S,V,S,F,R,,,,1,8,9,L,R,L,I,22,True,0
796,T,T,N,L,A,K,E,L,E,,,,2,7,9,T,E,T,N,4,False,0
797,G,L,D,C,V,H,Q,S,Y,,,,1,8,9,G,Y,G,L,3,True,0
798,R,S,V,H,S,E,G,D,C,,,,1,8,9,R,C,R,S,1,True,0
799,S,L,L,N,D,F,H,S,T,,,,8,1,9,S,T,S,T,21,True,0
800,Q,P,L,E,G,R,I,K,P,,,,6,3,9,Q,P,R,I,22,True,0
801,V,K,A,I,W,T,V,D,L,,,,4,5,9,V,L,I,W,9,True,0
802,K,W,F,L,E,M,Q,S,H,,,,6,3,9,K,H,M,Q,16,True,0
803,T,K,D,T,S,S,T,P,D,,,,1,8,9,T,D,T,K,25,True,0
804,N,C,E,A,R,L,E,I,K,,,,3,6,9,N,K,E,A,24,False,0
805,E,D,K,V,N,K,S,K,S,,,,8,1,9,E,S,K,S,14,True,0
806,L,S,R,C,L,E,V,L,R,,,,3,6,9,L,R,R,C,1,True,0
807,L,A,G,F,L,F,T,V,V,,,,8,1,9,L,V,V,V,9,True,0
808,I,L,I,H,N,S,S,E,P,,,,5,4,9,I,P,N,S,3,True,0
809,V,C,V,L,P,A,L,F,S,,,,3,6,9,V,S,V,L,5,False,0
810,L,P,G,A,G,I,P,P,P,,,,6,3,9,L,P,I,P,12,False,0
811,M,D,E,L,V,K,P,M,C,,,,7,2,9,M,C,P,M,21,True,0
812,L,Q,I,Q,D,L,L,N,S,,,,4,5,9,L,S,Q,D,9,False,0
813,G,Y,R,T,L,V,E,R,N,,,,5,4,9,G,N,L,V,3,True,0
814,C,N,M,T,E,Y,W,I,D,,,,5,4,9,C,D,E,Y,13,True,0
815,K,Q,D,A,P,Y,I,F,I,,,,1,8,9,K,I,K,Q,8,True,0
816,G,G,S,N,P,G,A,D,N,,,,7,2,9,G,N,A,D,10,False,0
817,C,H,K,P,C,Y,G,I,G,,,,8,1,9,C,G,I,G,10,True,0
818,P,A,Q,Q,R,S,Q,P,E,,,,4,5,9,P,E,Q,R,1,True,0
819,Q,G,L,V,G,E,N,L,V,,,,2,7,9,Q,V,G,L,20,True,0
820,P,A,T,M,S,R,P,G,A,,,,2,7,9,P,A,A,T,13,True,0
821,S,T,A,E,S,E,G,C,L,,,,7,2,9,S,L,G,C,5,True,0
822,S,S,K,A,E,D,E,Y,K,,,,8,1,9,S,K,Y,K,8,False,0
823,R,L,Y,C,L,L,L,L,A,,,,3,6,9,R,A,Y,C,19,False,0
824,A,V,P,P,E,H,G,Q,R,,,,1,8,9,A,R,A,V,24,True,0
825,V,Y,V,Q,F,I,P,L,A,,,,1,8,9,V,A,V,Y,20,True,0
826,T,A,P,T,V,V,I,A,R,,,,4,5,9,T,R,T,V,1,False,0
827,Q,A,V,S,Q,S,T,Q,I,,,,1,8,9,Q,I,Q,A,7,False,0
828,G,I,D,T,L,Q,F,Q,K,,,,4,5,9,G,K,T,L,4,True,0
829,G,K,S,K,H,L,Y,I,G,,,,2,7,9,G,G,K,S,6,False,0
830,D,E,I,V,S,M,L,Q,E,,,,1,8,9,D,E,D,E,0,True,0
831,E,Q,P,E,E,A,D,V,P,,,,1,8,9,E,P,E,Q,11,True,0
832,S,N,T,N,R,G,N,G,T,,,,8,1,9,S,T,G,T,6,False,0
833,T,R,C,G,H,I,F,C,W,,,,5,4,9,T,W,H,I,0,False,0
834,S,S,A,E,V,K,Q,A,L,,,,6,3,9,S,L,K,Q,13,False,0
835,S,V,G,V,K,E,K,Q,Q,,,,3,6,9,S,Q,G,V,24,False,0
836,V,F,P,V,S,E,D,L,S,,,,5,4,9,V,S,S,E,22,False,0
837,K,M,L,G,P,E,S,G,T,,,,2,7,9,K,T,M,L,22,True,0
838,A,N,E,K,L,K,L,E,W,,,,2,7,9,A,W,N,E,10,True,0
839,V,A,H,S,S,A,P,A,T,,,,1,8,9,V,T,V,A,13,False,0
840,S,R,G,F,W,V,L,P,F,,,,6,3,9,S,F,V,L,8,False,0
841,A,L,L,H,P,H,P,A,P,,,,7,2,9,A,P,P,A,7,False,0
842,I,C,V,T,C,K,E,Q,G,,,,7,2,9,I,G,E,Q,5,True,0
843,N,E,E,S,E,I,L,E,N,,,,4,5,9,N,N,S,E,13,False,0
844,N,R,T,L,D,E,Y,L,P,,,,8,1,9,N,P,L,P,22,True,0
845,S,D,I,L,K,P,T,T,Y,,,,7,2,9,S,Y,T,T,21,False,0
846,P,E,I,Q,M,G,I,D,Q,,,,2,7,9,P,Q,E,I,12,True,0
847,E,D,R,W,A,W,I,L,L,,,,8,1,9,E,L,L,L,3,False,0
848,W,D,S,G,G,K,F,I,L,,,,2,7,9,W,L,D,S,23,False,0
849,G,H,P,W,Q,D,D,Y,P,,,,4,5,9,G,P,W,Q,14,True,0
850,A,R,H,I,T,G,D,D,P,,,,6,3,9,A,P,G,D,0,True,0
851,A,R,V,A,E,Q,L,G,K,,,,7,2,9,A,K,L,G,18,False,0
852,N,T,Q,C,W,E,Y,L,Y,,,,6,3,9,N,Y,E,Y,1,True,0
853,M,L,S,R,S,P,S,G,P,,,,1,8,9,M,P,M,L,1,False,0
854,C,D,N,D,T,V,P,R,I,,,,7,2,9,C,I,P,R,6,False,0
855,S,L,A,P,L,I,N,V,L,,,,8,1,9,S,L,V,L,23,False,0
856,M,K,Y,Q,N,H,I,Y,G,,,,4,5,9,M,G,Q,N,16,True,0
857,D,S,G,P,L,D,T,S,Q,,,,1,8,9,D,Q,D,S,4,True,0
858,Q,A,V,L,P,P,T,V,D,,,,1,8,9,Q,D,Q,A,10,False,0
859,V,H,T,G,E,K,P,Y,C,,,,8,1,9,V,C,Y,C,15,True,0
860,S,V,P,E,V,A,L,V,R,,,,5,4,9,S,R,V,A,22,True,0
861,S,S,E,N,L,L,P,K,M,,,,6,3,9,S,M,L,P,6,False,0
862,I,A,K,D,A,G,I,A,L,,,,1,8,9,I,L,I,A,3,False,0
863,L,E,A,Y,A,R,C,L,G,,,,8,1,9,L,G,L,G,2,False,0
864,D,S,C,Q,I,E,K,Y,Q,,,,4,5,9,D,Q,Q,I,22,False,0
865,E,A,Q,R,A,Q,D,I,M,,,,6,3,9,E,M,Q,D,23,True,0
866,D,Q,V,G,I,W,E,N,G,,,,6,3,9,D,G,W,E,18,False,0
867,V,S,V,R,K,R,I,I,T,,,,5,4,9,V,T,K,R,0,False,0
868,S,R,L,L,E,E,A,R,L,,,,4,5,9,S,L,L,E,15,False,0
869,T,G,E,K,G,N,F,V,A,,,,5,4,9,T,A,G,N,2,True,0
870,Q,Q,T,A,Q,E,R,V,P,,,,2,7,9,Q,P,Q,T,24,True,0
871,G,E,R,P,F,L,S,K,L,,,,6,3,9,G,L,L,S,13,False,0
872,A,Y,L,C,R,C,Q,A,G,,,,1,8,9,A,G,A,Y,8,False,0
873,G,E,P,G,L,R,G,L,G,,,,8,1,9,G,G,L,G,25,False,0
874,V,R,L,P,K,A,V,D,K,,,,3,6,9,V,K,L,P,19,False,0
875,R,S,R,S,F,T,Y,Q,L,,,,6,3,9,R,L,T,Y,1,True,0
876,L,Y,T,P,P,T,A,L,A,,,,4,5,9,L,A,P,P,22,True,0
877,H,V,I,P,R,W,L,L,E,,,,2,7,9,H,E,V,I,23,True,0
878,E,D,L,S,S,Q,S,E,L,,,,5,4,9,E,L,S,Q,3,True,0
879,K,E,D,A,K,R,G,K,E,,,,3,6,9,K,E,D,A,4,False,0
880,S,I,A,S,S,A,S,R,P,,,,4,5,9,S,P,S,S,25,False,0
881,I,Q,A,S,G,H,L,E,R,,,,8,1,9,I,R,E,R,7,True,0
882,D,A,L,T,G,K,K,M,E,,,,4,5,9,D,E,T,G,6,True,0
883,A,A,A,C,E,S,C,R,R,,,,5,4,9,A,R,E,S,25,True,0
884,W,M,M,S,R,L,K,I,Q,,,,8,1,9,W,Q,I,Q,19,True,0
885,G,A,V,G,R,A,S,W,L,,,,1,8,9,G,L,G,A,24,True,0
886,S,N,A,L,F,I,I,C,Y,,,,8,1,9,S,Y,C,Y,23,True,0
887,E,V,K,V,L,V,D,D,W,,,,4,5,9,E,W,V,L,9,False,0
888,H,L,L,P,R,T,L,S,Q,,,,3,6,9,H,Q,L,P,8,True,0
889,L,I,S,L,S,D,S,E,H,,,,5,4,9,L,H,S,D,22,False,0
890,V,T,A,G,P,H,T,Q,F,,,,1,8,9,V,F,V,T,19,True,0
891,K,F,S,L,P,H,L,S,L,,,,8,1,9,K,L,S,L,7,True,0
892,I,Y,L,I,L,L,D,S,H,,,,3,6,9,I,H,L,I,12,False,0
893,Q,S,P,C,P,H,A,V,S,,,,7,2,9,Q,S,A,V,17,True,0
894,Q,S,G,V,A,E,G,A,I,,,,8,1,9,Q,I,A,I,4,True,0
895,K,R,K,M,V,R,T,S,Q,,,,3,6,9,K,Q,K,M,5,False,0
896,L,A,P,N,V,L,C,Y,A,,,,2,7,9,L,A,A,P,16,True,0
897,N,F,L,A,Y,T,V,P,F,,,,6,3,9,N,F,T,V,14,False,0
898,S,H,P,N,V,L,S,T,E,,,,7,2,9,S,E,S,T,7,True,0
899,L,P,Q,E,R,P,G,G,T,,,,5,4,9,L,T,R,P,15,False,0
900,L,V,G,Q,G,R,Y,K,S,,,,5,4,9,L,S,G,R,13,True,0
901,A,P,Y,Y,A,P,Q,G,W,,,,3,6,9,A,W,Y,Y,15,False,0
902,P,V,G,K,E,Q,S,T,V,,,,7,2,9,P,V,S,T,13,False,0
903,G,N,V,T,P,R,S,R,E,,,,3,6,9,G,E,V,T,7,True,0
904,L,L,W,V,S,F,V,F,V,,,,1,8,9,L,V,L,L,12,True,0
905,I,K,S,R,L,Q,L,P,E,,,,4,5,9,I,E,R,L,25,True,0
906,L,V,Y,R,A,M,A,Q,G,,,,4,5,9,L,G,R,A,17,True,0
907,E,P,P,G,T,S,A,H,D,,,,4,5,9,E,D,G,T,8,False,0
908,M,L,D,E,G,F,T,V,M,,,,6,3,9,M,M,F,T,1,False,0
909,A,S,G,K,E,G,P,D,R,,,,4,5,9,A,R,K,E,16,True,0
910,Q,R,R,Q,Q,L,E,E,E,,,,8,1,9,Q,E,E,E,12,True,0
911,V,M,I,S,T,R,M,C,G,,,,5,4,9,V,G,T,R,16,False,0
912,A,A,Q,V,E,P,L,H,A,,,,1,8,9,A,A,A,A,8,True,0
913,C,M,P,I,N,K,S,E,K,,,,1,8,9,C,K,C,M,23,True,0
914,F,F,L,Q,P,V,T,V,L,,,,8,1,9,F,L,V,L,6,False,0
915,R,S,S,G,L,S,R,Q,P,,,,7,2,9,R,P,R,Q,3,False,0
916,S,K,Q,S,E,H,R,P,S,,,,5,4,9,S,S,E,H,0,False,0
917,E,L,C,G,P,A,C,A,P,,,,7,2,9,E,P,C,A,8,False,0
918,T,A,T,T,S,S,G,T,S,,,,3,6,9,T,S,T,T,6,False,0
919,Q,P,V,I,S,H,P,I,H,,,,5,4,9,Q,H,S,H,1,False,0
920,Q,D,L,K,P,P,G,N,Q,,,,6,3,9,Q,Q,P,G,22,False,0
921,I,Q,I,T,D,F,N,I,L,,,,6,3,9,I,L,F,N,6,True,0
922,T,M,E,D,K,G,M,T,N,,,,1,8,9,T,N,T,M,25,True,0
923,R,Q,L,R,R,T,C,D,I,,,,5,4,9,R,I,R,T,23,False,0
924,P,L,E,L,G,S,R,V,H,,,,1,8,9,P,H,P,L,20,False,0
925,P,V,H,E,F,M,L,K,H,,,,8,1,9,P,H,K,H,19,True,0
926,A,R,G,G,R,R,A,A,W,,,,1,8,9,A,W,A,R,8,True,0
927,A,A,M,G,A,S,A,T,T,,,,3,6,9,A,T,M,G,22,True,0
928,D,C,K,L,P,N,S,E,D,,,,7,2,9,D,D,S,E,23,False,0
929,L,L,L,Y,S,K,P,Q,P,,,,4,5,9,L,P,Y,S,6,False,0
930,F,P,L,M,S,Q,D,L,L,,,,1,8,9,F,L,F,P,19,True,0
931,P,V,G,T,P,K,D,K,T,,,,8,1,9,P,T,K,T,25,False,0
932,G,R,V,P,F,G,V,I,F,,,,3,6,9,G,F,V,P,18,True,0
933,H,I,T,G,N,P,T,K,D,,,,5,4,9,H,D,N,P,21,False,0
934,N,R,V,L,A,D,V,V,D,,,,7,2,9,N,D,V,V,8,False,0
935,K,M,V,E,E,H,F,Y,W,,,,1,8,9,K,W,K,M,15,False,0
936,T,R,V,L,M,K,V,D,G,,,,1,8,9,T,G,T,R,2,False,0
937,A,Q,Q,D,Q,R,R,F,K,,,,5,4,9,A,K,Q,R,0,True,0
938,Q,G,T,Q,P,A,R,S,P,,,,6,3,9,Q,P,A,R,7,True,0
939,A,H,T,T,T,I,S,A,H,,,,4,5,9,A,H,T,T,16,False,0
940,P,R,L,R,E,K,E,C,V,,,,6,3,9,P,V,K,E,17,True,0
941,Q,N,P,A,G,S,R,A,H,,,,3,6,9,Q,H,P,A,10,False,0
942,K,R,M,F,Y,H,Q,K,H,,,,1,8,9,K,H,K,R,23,False,0
943,P,T,Y,L,S,S,Q,L,G,,,,7,2,9,P,G,Q,L,7,False,0
944,G,Q,N,L,A,W,D,P,Q,,,,2,7,9,G,Q,Q,N,8,False,0
945,N,V,Y,S,W,E,L,N,T,,,,6,3,9,N,T,E,L,1,False,0
946,I,P,M,H,F,F,I,T,S,,,,5,4,9,I,S,F,F,17,True,0
947,K,R,I,T,T,E,K,M,L,,,,1,8,9,K,L,K,R,24,True,0
948,A,R,N,S,A,A,A,K,Y,,,,8,1,9,A,Y,K,Y,0,False,0
949,T,S,N,S,T,G,R,E,G,,,,6,3,9,T,G,G,R,9,False,0
950,C,I,D,F,A,V,K,F,S,,,,2,7,9,C,S,I,D,2,True,0
951,Q,L,C,A,L,K,P,K,E,,,,4,5,9,Q,E,A,L,12,False,0
952,S,P,R,D,V,Y,D,L,Y,,,,7,2,9,S,Y,D,L,0,True,0
953,P,L,E,L,N,P,H,T,V,,,,1,8,9,P,V,P,L,17,False,0
954,A,T,S,T,Q,R,P,S,D,,,,7,2,9,A,D,P,S,1,True,0
955,T,P,Q,G,D,P,K,G,E,,,,2,7,9,T,E,P,Q,3,True,0
956,A,L,L,H,L,K,E,A,L,,,,4,5,9,A,L,H,L,22,True,0
957,A,C,S,P,P,A,N,A,P,,,,7,2,9,A,P,N,A,13,False,0
958,L,R,A,Y,D,N,F,D,N,,,,2,7,9,L,N,R,A,4,False,0
959,T,L,R,P,P,G,P,R,L,,,,2,7,9,T,L,L,R,20,False,0
960,K,V,S,G,A,T,I,Q,K,,,,3,6,9,K,K,S,G,7,False,0
961,S,K,G,N,G,L,D,Y,M,,,,1,8,9,S,M,S,K,0,False,0
962,L,L,F,K,T,L,Q,F,C,,,,6,3,9,L,C,L,Q,22,True,0
963,F,A,T,N,V,T,S,R,V,,,,6,3,9,F,V,T,S,6,False,0
964,L,G,F,E,K,D,V,H,L,,,,7,2,9,L,L,V,H,18,False,0
965,V,M,Y,K,G,A,L,E,R,,,,3,6,9,V,R,Y,K,19,False,0
966,E,E,S,S,S,S,K,A,S,,,,7,2,9,E,S,K,A,22,False,0
967,Q,S,T,T,E,L,G,A,N,,,,5,4,9,Q,N,E,L,10,False,0
968,T,A,I,A,L,L,T,L,A,,,,2,7,9,T,A,A,I,12,False,0
969,C,F,T,C,M,V,G,T,K,,,,6,3,9,C,K,V,G,25,True,0
970,L,T,P,R,E,T,P,M,V,,,,3,6,9,L,V,P,R,2,True,0
971,R,F,P,V,T,D,V,D,K,,,,6,3,9,R,K,D,V,6,False,0
972,M,A,E,L,S,L,Q,L,S,,,,2,7,9,M,S,A,E,11,False,0
973,F,P,G,P,L,S,A,K,A,,,,2,7,9,F,A,P,G,22,False,0
974,A,A,S,A,P,P,R,L,V,,,,6,3,9,A,V,P,R,19,True,0
975,M,F,A,L,L,D,S,L,I,,,,5,4,9,M,I,L,D,24,False,0
976,C,H,G,N,F,G,G,G,M,,,,4,5,9,C,M,N,F,10,True,0
977,N,M,G,L,R,T,L,C,I,,,,2,7,9,N,I,M,G,21,False,0
978,R,N,Y,G,K,K,K,K,L,,,,5,4,9,R,L,K,K,7,False,0
979,G,R,S,W,G,E,E,L,T,,,,2,7,9,G,T,R,S,22,True,0
980,F,P,Y,S,V,T,F,S,T,,,,1,8,9,F,T,F,P,24,True,0
981,R,Q,H,R,R,E,K,I,R,,,,5,4,9,R,R,R,E,4,False,0
982,L,A,S,L,N,N,I,V,Q,,,,3,6,9,L,Q,S,L,11,True,0
983,L,E,V,Q,R,W,A,S,N,,,,2,7,9,L,N,E,V,14,False,0
984,W,C,T,A,A,T,S,R,I,,,,5,4,9,W,I,A,T,1,False,0
985,V,L,R,G,E,E,S,L,E,,,,6,3,9,V,E,E,S,22,True,0
986,Q,G,L,K,E,A,L,V,P,,,,8,1,9,Q,P,V,P,8,False,0
987,K,S,G,K,P,E,I,V,D,,,,2,7,9,K,D,S,G,10,False,0
988,R,G,V,H,V,E,L,N,E,,,,7,2,9,R,E,L,N,16,True,0
989,E,Y,Q,P,E,M,L,E,V,,,,8,1,9,E,V,E,V,19,False,0
990,L,L,S,V,Y,R,L,E,F,,,,8,1,9,L,F,E,F,16,False,0
991,E,K,F,A,G,D,G,V,R,,,,3,6,9,E,R,F,A,12,False,0
992,I,L,P,E,K,R,K,R,K,,,,4,5,9,I,K,E,K,8,False,0
993,R,I,H,N,G,E,K,P,K,,,,8,1,9,R,K,P,K,2,True,0
994,D,V,Y,P,E,K,V,A,L,,,,6,3,9,D,L,K,V,2,True,0
995,L,E,W,A,R,N,I,P,F,,,,1,8,9,L,F,L,E,14,True,0
996,M,Q,I,V,K,L,L,D,L,,,,7,2,9,M,L,L,D,7,True,0
997,I,F,P,M,H,F,D,E,K,,,,1,8,9,I,K,I,F,6,False,0
998,S,T,S,P,S,S,V,T,Q,,,,7,2,9,S,Q,V,T,13,False,0
999,G,L,G,G,L,V,E,Q,N,,,,5,4,9,G,N,L,V,21,False,0
1000,L,Q,H,Q,R,L,R,G,R,,,,5,4,9,L,R,R,L,23,False,0
1001,V,R,S,P,L,R,T,V,V,,,,7,2,9,V,V,T,V,0,True,0
1002,D,K,I,Q,H,P,F,K,H,,,,4,5,9,D,H,Q,H,25,True,0
1003,A,Q,F,E,N,L,L,L,M,,,,7,2,9,A,M,L,L,13,True,0
1004,A,S,T,S,Q,T,I,T,T,,,,6,3,9,A,T,T,I,18,True,0
1005,K,R,R,K,H,L,K,D,S,,,,6,3,9,K,S,L,K,9,False,0
1006,G,P,L,V,L,Y,L,P,E,,,,5,4,9,G,E,L,Y,18,False,0
1007,S,V,L,S,L,R,R,L,L,,,,5,4,9,S,L,L,R,17,True,0
1008,H,Q,L,P,S,L,R,P,E,,,,1,8,9,H,E,H,Q,1,True,0
1009,S,S,L,P,P,V,Y,K,I,,,,7,2,9,S,I,Y,K,13,False,0
1010,C,K,L,Q,T,R,V,C,G,,,,7,2,9,C,G,V,C,15,True,0
1011,S,P,G,P,A,L,S,S,D,,,,3,6,9,S,D,G,P,0,False,0
1012,R,I,Q,Q,D,D,G,T,G,,,,3,6,9,R,G,Q,Q,2,False,0
1013,Y,Q,P,P,Q,A,Q,A,G,,,,3,6,9,Y,G,P,P,9,True,0
1014,L,Q,F,S,G,H,L,F,D,,,,5,4,9,L,D,G,H,9,True,0
1015,V,Y,D,L,V,K,T,L,L,,,,7,2,9,V,L,T,L,10,False,0
1016,K,Q,L,K,Q,E,V,V,A,,,,8,1,9,K,A,V,A,15,False,0
1017,P,D,P,R,L,H,T,G,S,,,,2,7,9,P,S,D,P,19,True,0
1018,C,F,R,M,N,R,S,A,K,,,,2,7,9,C,K,F,R,19,True,0
1019,V,A,F,I,T,Q,A,V,L,,,,2,7,9,V,L,A,F,17,False,0
1020,K,N,E,T,I,F,S,K,K,,,,2,7,9,K,K,N,E,15,True,0
1021,M,G,G,N,L,S,L,S,S,,,,3,6,9,M,S,G,N,13,True,0
1022,F,T,R,S,Q,E,E,A,R,,,,8,1,9,F,R,A,R,24,False,0
1023,S,M,L,S,G,V,W,R,H,,,,7,2,9,S,H,W,R,25,True,0
1024,A,H,N,S,G,E,S,D,N,,,,6,3,9,A,N,E,S,10,True,0
1025,I,V,P,R,L,D,C,L,H,,,,6,3,9,I,H,D,C,0,True,0
1026,A,S,F,P,L,F,S,A,A,,,,2,7,9,A,A,S,F,21,True,0
1027,E,R,V,K,N,M,M,S,K,,,,6,3,9,E,K,M,M,8,True,0
1028,N,S,C,E,G,E,D,S,S,,,,7,2,9,N,S,D,S,11,True,0
1029,T,M,T,I,L,H,G,G,F,,,,2,7,9,T,F,M,T,20,False,0
1030,Q,K,T,S,H,D,Y,A,F,,,,8,1,9,Q,F,A,F,12,False,0
1031,H,R,S,I,S,Q,A,R,M,,,,6,3,9,H,M,Q,A,23,True,0
1032,K,G,L,Q,S,T,L,S,A,,,,4,5,9,K,A,Q,S,3,False,0
1033,P,S,H,Q,A,P,L,H,R,,,,6,3,9,P,R,P,L,12,False,0
1034,N,R,R,G,R,V,M,R,K,,,,7,2,9,N,K,M,R,15,False,0
1035,P,A,P,T,P,A,P,S,P,,,,2,7,9,P,P,A,P,2,False,0
1036,P,K,C,T,A,C,Q,E,S,,,,2,7,9,P,S,K,C,23,False,0
1037,R,F,P,K,G,C,P,S,F,,,,4,5,9,R,F,K,G,25,False,0
1038,Q,T,L,V,H,T,E,I,L,,,,1,8,9,Q,L,Q,T,4,True,0
1039,N,G,F,T,G,Y,R,M,I,,,,4,5,9,N,I,T,G,25,False,0
1040,K,L,N,K,K,Q,E,A,E,,,,1,8,9,K,E,K,L,22,False,0
1041,E,V,T,D,M,E,W,R,C,,,,1,8,9,E,C,E,V,10,True,0
1042,L,D,P,G,P,W,G,G,R,,,,3,6,9,L,R,P,G,14,True,0
1043,N,F,P,I,F,H,S,D,N,,,,3,6,9,N,N,P,I,10,True,0
1044,G,Y,T,Q,T,K,L,V,P,,,,4,5,9,G,P,Q,T,20,True,0
1045,I,S,E,M,N,I,E,I,I,,,,3,6,9,I,I,E,M,5,False,0
1046,Y,V,E,G,F,Q,E,G,K,,,,7,2,9,Y,K,E,G,22,True,0
1047,S,S,C,K,Q,P,E,T,P,,,,1,8,9,S,P,S,S,9,False,0
1048,L,R,E,I,I,L,Q,R,Q,,,,7,2,9,L,Q,Q,R,9,False,0
1049,Q,Q,K,A,V,F,A,V,K,,,,1,8,9,Q,K,Q,Q,14,True,0
1050,D,A,T,V,S,Y,E,D,K,,,,8,1,9,D,K,D,K,4,False,0
1051,H,V,Q,G,L,C,C,T,F,,,,3,6,9,H,F,Q,G,14,True,0
1052,K,P,G,E,K,A,P,K,L,,,,8,1,9,K,L,K,L,6,True,0
1053,G,C,E,T,L,F,A,L,V,,,,5,4,9,G,V,L,F,23,True,0
1054,S,K,L,K,A,A,V,G,E,,,,2,7,9,S,E,K,L,4,True,0
1055,R,K,E,D,T,I,Q,N,N,,,,4,5,9,R,N,D,T,14,True,0
1056,K,L,P,A,S,A,K,G,P,,,,8,1,9,K,P,G,P,16,True,0
1057,M,V,C,A,L,L,I,A,D,,,,8,1,9,M,D,A,D,18,True,0
1058,P,A,L,S,N,E,Q,L,N,,,,5,4,9,P,N,N,E,19,False,0
1059,G,R,T,P,L,A,N,C,H,,,,5,4,9,G,H,L,A,4,False,0
1060,F,H,R,P,R,H,S,Y,T,,,,4,5,9,F,T,P,R,9,True,0
1061,E,N,G,S,T,V,V,E,E,,,,6,3,9,E,E,V,V,24,True,0
1062,D,P,A,S,L,D,K,F,E,,,,6,3,9,D,E,D,K,18,False,0
1063,T,R,S,R,S,R,S,S,S,,,,6,3,9,T,S,R,S,19,False,0
1064,L,P,S,R,R,Y,L,M,L,,,,8,1,9,L,L,M,L,21,True,0
1065,V,S,P,H,G,C,T,S,A,,,,7,2,9,V,A,T,S,18,False,0
1066,S,E,D,L,D,E,A,F,G,,,,5,4,9,S,G,D,E,16,False,0
1067,E,K,E,Q,G,Q,L,D,L,,,,5,4,9,E,L,G,Q,2,True,0
1068,R,Y,S,H,L,K,P,W,G,,,,3,6,9,R,G,S,H,14,False,0
1069,I,R,S,W,L,K,P,H,S,,,,5,4,9,I,S,L,K,24,False,0
1070,T,A,V,R,S,L,K,T,Q,,,,6,3,9,T,Q,L,K,10,True,0
1071,S,A,A,D,W,T,V,N,N,,,,6,3,9,S,N,T,V,16,True,0
1072,G,Q,G,Q,R,A,V,F,S,,,,4,5,9,G,S,Q,R,20,True,0
1073,L,D,Q,I,P,N,A,H,K,,,,2,7,9,L,K,D,Q,6,False,0
1074,R,L,C,D,S,K,G,A,L,,,,8,1,9,R,L,A,L,13,False,0
1075,T,D,P,V,D,A,N,A,K,,,,5,4,9,T,K,D,A,19,False,0
1076,S,L,G,H,T,P,P,A,R,,,,6,3,9,S,R,P,P,0,False,0
1077,V,S,K,T,P,I,C,K,T,,,,6,3,9,V,T,I,C,22,True,0
1078,S,V,L,E,A,A,E,H,L,,,,1,8,9,S,L,S,V,6,True,0
1079,S,D,Q,L,H,I,S,C,P,,,,2,7,9,S,P,D,Q,0,True,0
1080,T,L,F,I,N,T,L,A,R,,,,6,3,9,T,R,T,L,7,True,0
1081,S,A,D,N,E,L,E,C,Q,,,,4,5,9,S,Q,N,E,25,True,0
1082,L,Q,N,L,S,A,G,N,A,,,,8,1,9,L,A,N,A,0,True,0
1083,M,A,F,G,T,Y,V,R,L,,,,4,5,9,M,L,G,T,19,False,0
1084,T,G,E,E,V,A,Y,S,S,,,,5,4,9,T,S,V,A,25,False,0
1085,S,Y,R,Q,Q,I,G,F,S,,,,7,2,9,S,S,G,F,12,True,0
1086,Q,R,C,L,Y,R,D,V,L,,,,8,1,9,Q,L,V,L,3,True,0
1087,R,G,F,L,L,G,S,A,A,,,,7,2,9,R,A,S,A,8,False,0
1088,T,V,F,L,S,K,Y,L,K,,,,5,4,9,T,K,S,K,0,False,0
1089,L,T,T,V,L,L,I,Q,L,,,,1,8,9,L,L,L,T,20,True,0
1090,E,K,N,S,L,K,V,F,N,,,,2,7,9,E,N,K,N,23,True,0
1091,E,D,A,R,S,P,L,P,P,,,,3,6,9,E,P,A,R,3,True,0
1092,D,W,K,K,G,N,P,H,H,,,,5,4,9,D,H,G,N,18,False,0
1093,D,S,A,D,Y,S,Q,D,E,,,,1,8,9,D,E,D,S,7,True,0
1094,S,A,N,Q,A,E,L,K,A,,,,6,3,9,S,A,E,L,11,False,0
1095,A,Q,P,W,L,V,G,P,P,,,,5,4,9,A,P,L,V,5,True,0
1096,C,X,G,M,A,A,S,A,F,,,,7,2,9,C,F,S,A,17,False,0
1097,L,G,G,L,P,P,R,G,L,,,,1,8,9,L,L,L,G,12,True,0
1098,R,D,P,D,E,A,T,L,N,,,,3,6,9,R,N,P,D,6,True,0
1099,D,Q,L,D,R,E,H,F,G,,,,6,3,9,D,G,E,H,13,False,0
1100,Q,C,L,D,V,A,L,A,H,,,,5,4,9,Q,H,V,A,22,False,0
1101,A,E,I,W,F,L,V,D,L,,,,3,6,9,A,L,I,W,14,False,0
1102,G,N,F,N,Y,V,E,V,T,,,,7,2,9,G,T,E,V,18,False,0
1103,F,R,L,S,L,A,N,S,Q,,,,7,2,9,F,Q,N,S,18,True,0
1104,A,G,K,G,C,L,I,Q,A,,,,1,8,9,A,A,A,G,12,True,0
1105,Y,S,C,P,H,C,G,R,N,,,,7,2,9,Y,N,G,R,7,True,0
1106,I,R,H,H,C,H,S,H,S,,,,4,5,9,I,S,H,C,10,True,0
1107,S,P,A,A,G,H,G,H,L,,,,3,6,9,S,L,A,A,23,False,0
1108,T,L,D,I,F,N,A,V,I,,,,2,7,9,T,I,L,D,21,True,0
1109,R,M,E,Q,R,W,K,T,M,,,,5,4,9,R,M,R,W,14,True,0
1110,A,E,S,Q,V,T,A,R,E,,,,7,2,9,A,E,A,R,4,True,0
1111,L,I,P,Q,W,N,E,S,F,,,,2,7,9,L,F,I,P,19,False,0
1112,N,V,Q,R,L,L,R,A,M,,,,4,5,9,N,M,R,L,18,True,0
1113,E,S,N,M,G,K,A,Y,H,,,,6,3,9,E,H,K,A,3,True,0
1114,A,A,K,G,T,H,Q,T,Q,,,,5,4,9,A,Q,T,H,18,True,0
1115,L,N,D,E,K,K,E,L,D,,,,5,4,9,L,D,K,K,14,False,0
1116,S,E,Y,K,I,V,G,E,N,,,,3,6,9,S,N,Y,K,4,True,0
1117,W,G,T,S,H,V,S,V,L,,,,1,8,9,W,L,W,G,4,False,0
1118,K,I,I,H,K,V,I,H,S,,,,3,6,9,K,S,I,H,24,False,0
1119,P,I,T,G,D,T,L,E,L,,,,7,2,9,P,L,L,E,12,True,0
1120,L,N,E,D,K,A,S,Y,H,,,,5,4,9,L,H,K,A,8,True,0
1121,D,V,R,H,V,S,V,Y,T,,,,8,1,9,D,T,Y,T,10,True,0
1122,S,P,G,V,M,D,N,P,N,,,,7,2,9,S,N,N,P,3,True,0
1123,R,D,K,K,L,W,N,T,L,,,,3,6,9,R,L,K,K,2,False,0
1124,F,C,S,E,D,I,Q,A,Q,,,,6,3,9,F,Q,I,Q,7,True,0
1125,P,S,C,S,V,I,P,L,I,,,,5,4,9,P,I,V,I,2,False,0
1126,M,A,P,V,I,N,S,V,A,,,,2,7,9,M,A,A,P,13,False,0
1127,N,P,R,A,L,P,Q,L,Q,,,,5,4,9,N,Q,L,P,18,True,0
1128,E,N,F,N,Q,E,S,E,G,,,,6,3,9,E,G,E,S,0,False,0
1129,F,H,R,M,E,V,S,Y,G,,,,4,5,9,F,G,M,E,20,False,0
1130,T,W,K,E,V,K,K,R,Q,,,,7,2,9,T,Q,K,R,12,True,0
1131,A,G,A,P,A,A,V,P,P,,,,5,4,9,A,P,A,A,0,True,0
1132,K,E,L,L,V,P,D,F,Q,,,,6,3,9,K,Q,P,D,5,True,0
1133,A,F,Y,S,Y,I,K,E,N,,,,5,4,9,A,N,Y,I,23,False,0
1134,Y,L,A,Y,G,S,I,T,G,,,,8,1,9,Y,G,T,G,3,True,0
1135,Y,Q,A,F,P,A,Y,Q,L,,,,7,2,9,Y,L,Y,Q,4,True,0
1136,L,A,L,F,K,S,V,S,V,,,,1,8,9,L,V,L,A,3,False,0
1137,K,I,Q,I,L,N,R,Q,P,,,,2,7,9,K,P,I,Q,8,False,0
1138,V,I,A,D,P,R,G,N,D,,,,7,2,9,V,D,G,N,13,True,0
1139,R,V,D,T,S,T,E,G,R,,,,5,4,9,R,R,S,T,7,False,0
1140,P,H,Q,A,A,L,A,G,T,,,,4,5,9,P,T,A,A,13,True,0
1141,F,M,R,T,S,G,K,D,V,,,,3,6,9,F,V,R,T,24,True,0
1142,S,D,L,I,F,M,D,S,Y,,,,4,5,9,S,Y,I,F,19,True,0
1143,L,V,T,F,S,I,S,N,V,,,,5,4,9,L,V,S,I,7,True,0
1144,L,L,P,E,T,H,T,R,P,,,,6,3,9,L,P,H,T,20,True,0
1145,N,A,P,G,A,T,E,E,P,,,,2,7,9,N,P,A,P,23,False,0
1146,K,N,N,A,Q,Q,Q,S,R,,,,2,7,9,K,R,N,N,25,False,0
1147,D,P,E,K,C,R,R,F,V,,,,1,8,9,D,V,D,P,14,False,0
1148,K,V,G,G,N,R,G,L,Q,,,,5,4,9,K,Q,N,R,5,True,0
1149,I,K,V,K,D,T,T,P,A,,,,7,2,9,I,A,T,P,10,True,0
1150,P,F,A,N,W,G,A,L,V,,,,4,5,9,P,V,N,W,8,True,0
1151,N,S,P,F,D,F,A,H,F,,,,2,7,9,N,F,S,P,5,True,0
1152,L,S,P,P,V,I,T,W,N,,,,6,3,9,L,N,I,T,21,True,0
1153,E,R,A,H,S,T,L,D,E,,,,1,8,9,E,E,E,R,24,True,0
1154,G,G,K,L,L,A,P,R,P,,,,2,7,9,G,P,G,K,15,False,0
1155,F,S,L,F,Y,P,G,L,L,,,,3,6,9,F,L,L,F,20,True,0
1156,L,L,K,G,G,V,I,Y,P,,,,8,1,9,L,P,Y,P,5,False,0
1157,L,L,E,A,A,E,K,A,F,,,,2,7,9,L,F,L,E,14,False,0
1158,V,L,T,V,T,N,C,A,D,,,,2,7,9,V,D,L,T,2,True,0
1159,H,M,E,N,G,G,D,H,C,,,,8,1,9,H,C,H,C,12,True,0
1160,A,A,K,T,A,P,T,T,P,,,,5,4,9,A,P,A,P,18,False,0
1161,A,K,N,L,E,T,A,K,K,,,,2,7,9,A,K,K,N,7,True,0
1162,R,L,N,Y,E,H,D,L,Q,,,,7,2,9,R,Q,D,L,17,False,0
1163,N,E,M,C,N,R,G,N,D,,,,5,4,9,N,D,N,R,13,True,0
1164,D,F,R,L,W,C,N,S,T,,,,3,6,9,D,T,R,L,1,False,0
1165,L,V,K,E,K,G,V,S,F,,,,7,2,9,L,F,V,S,1,False,0
1166,V,R,K,F,I,E,D,R,V,,,,1,8,9,V,V,V,R,19,False,0
1167,R,H,R,Q,E,A,T,G,P,,,,3,6,9,R,P,R,Q,8,False,0
1168,L,V,N,H,R,K,E,S,E,,,,7,2,9,L,E,E,S,17,False,0
1169,S,C,P,G,S,C,P,G,D,,,,7,2,9,S,D,P,G,25,False,0
1170,R,G,G,A,P,A,L,A,T,,,,5,4,9,R,T,P,A,22,True,0
1171,V,A,V,V,W,E,P,S,S,,,,4,5,9,V,S,V,W,25,True,0
1172,I,F,N,V,L,D,I,N,G,,,,6,3,9,I,G,D,I,18,False,0
1173,F,G,I,Y,Q,L,S,F,R,,,,2,7,9,F,R,G,I,18,True,0
1174,L,V,K,N,N,D,K,D,L,,,,4,5,9,L,L,N,N,20,True,0
1175,M,E,L,L,P,R,M,A,S,,,,1,8,9,M,S,M,E,16,True,0
1176,F,P,I,N,G,L,H,H,Q,,,,7,2,9,F,Q,H,H,6,True,0
1177,A,S,A,E,Q,L,E,I,L,,,,5,4,9,A,L,Q,L,1,False,0
1178,L,E,K,Y,R,L,V,N,N,,,,6,3,9,L,N,L,V,19,False,0
1179,I,F,D,S,G,V,D,L,N,,,,5,4,9,I,N,G,V,0,False,0
1180,Q,A,S,R,R,T,I,E,F,,,,7,2,9,Q,F,I,E,14,True,0
1181,A,I,L,R,Q,M,E,D,C,,,,8,1,9,A,C,D,C,2,True,0
1182,P,D,A,R,L,S,S,D,S,,,,4,5,9,P,S,R,L,5,True,0
1183,T,L,N,R,L,N,T,F,R,,,,8,1,9,T,R,F,R,25,False,0
1184,A,L,S,V,A,N,N,R,L,,,,1,8,9,A,L,A,L,6,True,0
1185,I,K,D,P,E,T,L,A,R,,,,7,2,9,I,R,L,A,22,False,0
1186,A,S,A,Q,S,D,I,A,C,,,,3,6,9,A,C,A,Q,10,True,0
1187,A,F,S,T,G,P,V,E,K,,,,1,8,9,A,K,A,F,21,True,0
1188,E,M,E,E,L,P,Q,E,S,,,,6,3,9,E,S,P,Q,20,True,0
1189,S,S,S,H,L,P,A,T,F,,,,2,7,9,S,F,S,S,3,True,0
1190,R,T,R,G,R,P,S,L,P,,,,8,1,9,R,P,L,P,16,False,0
1191,C,A,E,A,R,P,V,L,Q,,,,4,5,9,C,Q,A,R,12,False,0
1192,A,S,I,L,L,A,L,A,A,,,,5,4,9,A,A,L,A,15,False,0
1193,A,Q,V,F,M,E,A,I,L,,,,5,4,9,A,L,M,E,5,True,0
1194,L,Q,D,V,G,K,T,L,Q,,,,5,4,9,L,Q,G,K,22,False,0
1195,P,V,L,C,Q,M,L,K,P,,,,6,3,9,P,P,M,L,13,False,0
1196,L,T,Y,G,A,S,N,K,N,,,,5,4,9,L,N,A,S,6,False,0
1197,N,S,T,K,I,L,A,K,K,,,,2,7,9,N,K,S,T,22,True,0
1198,K,I,T,D,P,L,L,I,A,,,,2,7,9,K,A,I,T,7,True,0
1199,E,T,G,L,P,W,A,G,K,,,,8,1,9,E,K,G,K,10,False,0
1200,A,F,L,Q,M,S,D,L,Q,,,,8,1,9,A,Q,L,Q,3,False,0
1201,S,R,D,K,R,R,S,R,D,,,,8,1,9,S,D,R,D,24,True,0
1202,Q,D,G,A,T,K,T,P,H,,,,8,1,9,Q,H,P,H,20,True,0
1203,T,R,N,R,V,L,L,E,L,,,,1,8,9,T,L,T,R,7,False,0
1204,P,A,K,V,D,S,F,A,A,,,,6,3,9,P,A,S,F,8,True,0
1205,S,L,T,K,T,C,L,Q,T,,,,4,5,9,S,T,K,T,11,True,0
1206,N,D,I,V,R,L,L,N,Q,,,,5,4,9,N,Q,R,L,5,True,0
1207,V,D,E,C,I,K,I,S,A,,,,1,8,9,V,A,V,D,12,False,0
1208,R,H,H,V,P,Q,Q,C,A,,,,8,1,9,R,A,C,A,10,False,0
1209,E,C,N,E,H,Q,R,T,H,,,,3,6,9,E,H,N,E,13,False,0
1210,K,Y,M,M,K,E,T,K,E,,,,2,7,9,K,E,Y,M,10,False,0
1211,D,T,E,M,N,V,D,G,D,,,,2,7,9,D,D,T,E,16,True,0
1212,I,R,T,F,I,P,L,H,F,,,,5,4,9,I,F,I,P,16,True,0
1213,A,G,K,G,S,E,T,A,G,,,,3,6,9,A,G,K,G,2,False,0
1214,S,E,L,R,A,G,Q,N,L,,,,7,2,9,S,L,Q,N,20,True,0
1215,C,A,A,I,Y,I,G,L,G,,,,5,4,9,C,G,Y,I,25,True,0
1216,G,V,G,I,P,A,A,A,A,,,,4,5,9,G,A,I,P,8,False,0
1217,V,M,A,A,R,G,D,L,E,,,,2,7,9,V,E,M,A,24,True,0
1218,N,L,T,G,S,F,W,L,F,,,,7,2,9,N,F,W,L,13,False,0
1219,P,V,E,A,L,P,P,S,S,,,,8,1,9,P,S,S,S,9,True,0
1220,K,V,K,M,L,N,Q,V,E,,,,3,6,9,K,E,K,M,1,True,0
1221,N,S,K,T,L,P,V,E,E,,,,3,6,9,N,E,K,T,7,False,0
1222,S,I,Q,Q,Q,Q,Q,M,L,,,,2,7,9,S,L,I,Q,7,False,0
1223,Q,M,A,V,G,S,P,G,Q,,,,6,3,9,Q,Q,S,P,23,True,0
1224,S,K,R,I,R,P,R,A,F,,,,8,1,9,S,F,A,F,21,False,0
1225,P,Y,G,E,T,D,S,D,A,,,,1,8,9,P,A,P,Y,19,True,0
1226,V,Q,K,I,R,N,I,I,E,,,,3,6,9,V,E,K,I,15,False,0
1227,R,S,F,V,A,L,G,V,S,,,,4,5,9,R,S,V,A,15,False,0
1228,N,C,S,Y,Y,V,L,K,R,,,,4,5,9,N,R,Y,Y,21,False,0
1229,L,H,L,E,L,S,S,T,L,,,,7,2,9,L,L,S,T,24,True,0
1230,V,G,E,V,E,N,N,P,G,,,,8,1,9,V,G,P,G,24,False,0
1231,H,N,E,F,P,C,E,L,E,,,,6,3,9,H,E,C,E,23,True,0
1232,Q,E,R,R,A,Q,K,S,D,,,,6,3,9,Q,D,Q,K,3,False,0
1233,P,K,P,L,V,L,Q,A,I,,,,5,4,9,P,I,V,L,8,True,0
1234,G,L,E,E,I,L,R,L,Y,,,,1,8,9,G,Y,G,L,8,True,0
1235,C,T,G,M,A,P,I,S,L,,,,2,7,9,C,L,T,G,9,False,0
1236,V,L,T,T,F,I,F,S,N,,,,1,8,9,V,N,V,L,17,True,0
1237,S,A,R,C,L,E,N,P,V,,,,6,3,9,S,V,E,N,11,False,0
1238,N,E,T,Q,R,K,P,S,E,,,,1,8,9,N,E,N,E,25,False,0
1239,K,I,S,F,V,N,Y,S,T,,,,3,6,9,K,T,S,F,2,True,0
1240,E,V,E,E,E,Q,E,D,Q,,,,8,1,9,E,Q,D,Q,6,True,0
1241,V,Y,A,Y,G,V,V,F,M,,,,7,2,9,V,M,V,F,21,False,0
1242,G,I,D,Q,L,E,N,N,K,,,,2,7,9,G,K,I,D,0,False,0
1243,L,K,G,V,H,G,N,K,E,,,,7,2,9,L,E,N,K,6,True,0
1244,V,Q,S,S,G,G,Q,S,C,,,,7,2,9,V,C,Q,S,1,True,0
1245,V,Q,H,V,C,T,I,I,L,,,,7,2,9,V,L,I,I,14,True,0
1246,Q,N,S,M,L,K,T,K,I,,,,4,5,9,Q,I,M,L,22,True,0
1247,A,A,L,S,T,L,P,G,G,,,,3,6,9,A,G,L,S,25,False,0
1248,L,Q,R,K,F,E,A,A,E,,,,7,2,9,L,E,A,A,1,True,0
1249,Y,G,Q,G,L,W,E,E,N,,,,2,7,9,Y,N,G,Q,15,True,0
1250,K,Q,R,K,K,E,K,E,K,,,,5,4,9,K,K,K,E,2,True,0
1251,T,L,I,Q,H,Q,Q,H,T,,,,7,2,9,T,T,Q,H,1,False,0
1252,P,E,D,R,F,G,Y,R,A,,,,7,2,9,P,A,Y,R,24,True,0
1253,Y,F,S,F,A,K,E,Q,L,,,,5,4,9,Y,L,A,K,17,True,0
1254,R,F,L,G,T,T,D,M,A,,,,8,1,9,R,A,M,A,24,True,0
1255,W,E,E,E,G,D,F,R,T,,,,7,2,9,W,T,F,R,12,False,0
1256,D,P,A,P,T,V,P,E,D,,,,6,3,9,D,D,V,P,20,False,0
1257,K,P,P,L,P,P,T,T,E,,,,5,4,9,K,E,P,P,0,False,0
1258,R,A,M,G,R,G,K,R,Y,,,,8,1,9,R,Y,R,Y,22,False,0
1259,I,L,K,E,I,Q,H,P,R,,,,8,1,9,I,R,P,R,3,True,0
1260,T,F,K,D,S,L,V,N,S,,,,5,4,9,T,S,S,L,14,False,0
1261,K,R,S,P,A,G,E,L,E,,,,4,5,9,K,E,P,A,2,False,0
1262,L,E,A,A,H,T,T,L,R,,,,6,3,9,L,R,T,T,11,True,0
1263,G,N,L,V,P,V,D,L,N,,,,2,7,9,G,N,N,L,17,True,0
1264,R,P,A,A,P,Q,G,P,L,,,,2,7,9,R,L,P,A,2,True,0
1265,P,C,S,E,C,G,L,T,F,,,,8,1,9,P,F,T,F,0,True,0
1266,P,R,P,N,W,E,V,S,L,,,,4,5,9,P,L,N,W,20,False,0
1267,L,A,A,M,A,Y,L,K,M,,,,6,3,9,L,M,Y,L,21,False,0
1268,G,I,Y,S,V,I,Q,K,K,,,,8,1,9,G,K,K,K,0,False,0
1269,R,M,S,S,S,A,Q,S,G,,,,3,6,9,R,G,S,S,16,False,0
1270,V,Q,Q,I,A,A,L,L,N,,,,1,8,9,V,N,V,Q,5,False,0
1271,I,P,C,A,M,P,E,S,L,,,,7,2,9,I,L,E,S,19,False,0
1272,C,V,V,N,C,A,G,T,D,,,,7,2,9,C,D,G,T,20,True,0
1273,K,Q,R,L,L,Q,R,K,K,,,,2,7,9,K,K,Q,R,24,False,0
1274,G,R,A,V,G,G,A,G,S,,,,4,5,9,G,S,V,G,18,False,0
1275,M,V,S,M,A,I,G,L,Q,,,,7,2,9,M,Q,G,L,20,True,0
1276,Q,G,K,A,S,K,P,K,K,,,,2,7,9,Q,K,G,K,25,True,0
1277,Q,C,P,E,G,E,L,L,Q,,,,3,6,9,Q,Q,P,E,0,True,0
1278,G,Q,Q,E,D,K,Q,D,T,,,,1,8,9,G,T,G,Q,0,False,0
1279,E,A,K,I,K,S,L,L,I,,,,7,2,9,E,I,L,L,3,True,0
1280,G,G,F,M,K,K,E,S,H,,,,6,3,9,G,H,K,E,13,True,0
1281,V,A,A,V,P,V,L,A,S,,,,6,3,9,V,S,V,L,5,False,0
1282,N,V,S,N,E,L,K,Q,L,,,,4,5,9,N,L,N,E,10,False,0
1283,V,I,G,L,E,E,G,V,C,,,,8,1,9,V,C,V,C,24,True,0
1284,S,A,C,R,W,R,R,R,S,,,,1,8,9,S,S,S,A,25,True,0
1285,E,I,T,A,V,Q,V,Q,S,,,,2,7,9,E,S,I,T,19,False,0
1286,L,K,D,E,K,E,R,I,K,,,,1,8,9,L,K,L,K,17,False,0
1287,S,P,K,P,Q,I,M,W,R,,,,1,8,9,S,R,S,P,21,False,0
1288,F,H,E,V,R,S,V,D,P,,,,7,2,9,F,P,V,D,22,False,0
1289,V,Q,H,E,G,I,V,G,I,,,,5,4,9,V,I,G,I,18,False,0
1290,E,S,G,P,P,A,R,T,V,,,,6,3,9,E,V,A,R,17,True,0
1291,T,P,E,L,G,D,V,S,E,,,,3,6,9,T,E,E,L,21,False,0
1292,T,Q,L,Q,A,T,C,N,M,,,,8,1,9,T,M,N,M,17,True,0
1293,N,H,V,V,T,L,V,L,V,,,,6,3,9,N,V,L,V,2,False,0
1294,F,N,L,E,I,A,P,E,N,,,,8,1,9,F,N,E,N,14,False,0
1295,D,V,G,Q,G,G,C,P,Q,,,,4,5,9,D,Q,Q,G,13,True,0
1296,S,P,S,I,Q,T,R,T,R,,,,4,5,9,S,R,I,Q,21,False,0
1297,Q,E,T,F,G,M,D,G,F,,,,6,3,9,Q,F,M,D,7,True,0
1298,G,I,A,L,L,I,G,Q,D,,,,3,6,9,G,D,A,L,2,False,0
1299,R,L,G,I,S,L,P,G,G,,,,5,4,9,R,G,S,L,15,True,0
1300,T,R,T,A,F,T,L,K,D,,,,8,1,9,T,D,K,D,7,True,0
1301,W,N,Q,L,S,L,C,C,K,,,,6,3,9,W,K,L,C,19,False,0
1302,E,Y,D,E,L,L,S,E,K,,,,2,7,9,E,K,Y,D,21,True,0
1303,S,W,K,D,W,S,P,Q,G,,,,8,1,9,S,G,Q,G,4,False,0
1304,P,P,A,V,L,L,Y,H,H,,,,2,7,9,P,H,P,A,19,True,0
1305,E,G,I,E,C,T,Q,A,P,,,,2,7,9,E,P,G,I,14,True,0
1306,V,K,K,A,L,E,E,L,A,,,,1,8,9,V,A,V,K,6,False,0
1307,A,P,P,R,D,P,E,D,P,,,,4,5,9,A,P,R,D,13,True,0
1308,R,R,K,L,R,E,Q,L,R,,,,6,3,9,R,R,E,Q,15,True,0
1309,S,I,I,L,R,E,N,N,L,,,,2,7,9,S,L,I,I,25,True,0
1310,H,S,L,L,S,G,A,W,A,,,,5,4,9,H,A,S,G,2,True,0
1311,I,I,I,G,V,E,Q,L,A,,,,2,7,9,I,A,I,I,6,True,0
1312,K,D,E,F,N,I,H,V,S,,,,2,7,9,K,S,D,E,17,False,0
1313,N,S,P,Q,E,M,A,K,N,,,,2,7,9,N,N,S,P,9,False,0
1314,E,A,Q,L,H,S,D,D,Y,,,,1,8,9,E,Y,E,A,7,False,0
1315,D,P,R,E,L,S,P,L,D,,,,1,8,9,D,D,D,P,3,True,0
1316,Q,K,P,G,S,V,K,P,A,,,,6,3,9,Q,A,V,K,15,False,0
1317,N,D,N,Q,W,V,K,G,Y,,,,5,4,9,N,Y,W,V,22,True,0
1318,T,Q,V,S,S,K,F,L,K,,,,3,6,9,T,K,V,S,5,True,0
1319,A,D,Q,Y,D,C,T,C,P,,,,6,3,9,A,P,C,T,7,False,0
1320,E,Y,E,K,T,E,Y,K,S,,,,6,3,9,E,S,E,Y,6,False,0
1321,E,F,K,R,W,R,S,Y,V,,,,1,8,9,E,V,E,F,0,True,0
1322,N,K,P,L,T,P,F,R,R,,,,7,2,9,N,R,F,R,12,True,0
1323,L,P,L,A,G,I,C,E,K,,,,2,7,9,L,K,P,L,4,True,0
1324,K,K,E,H,I,S,A,E,R,,,,8,1,9,K,R,E,R,9,True,0
1325,L,Y,T,A,L,Q,S,I,N,,,,8,1,9,L,N,I,N,17,False,0
1326,G,H,V,R,Q,Q,A,I,P,,,,2,7,9,G,P,H,V,17,False,0
1327,A,V,P,R,L,D,N,P,K,,,,5,4,9,A,K,L,D,0,True,0
1328,L,R,Q,V,Q,E,L,S,S,,,,8,1,9,L,S,S,S,23,False,0
1329,A,G,R,L,M,I,G,K,P,,,,6,3,9,A,P,I,G,22,False,0
1330,V,C,G,R,P,S,K,I,C,,,,3,6,9,V,C,G,R,1,True,0
1331,Q,Y,Q,D,F,I,S,A,C,,,,5,4,9,Q,C,F,I,19,False,0
1332,R,G,V,T,L,P,V,I,L,,,,6,3,9,R,L,P,V,2,True,0
1333,K,F,A,S,Q,A,E,K,Q,,,,5,4,9,K,Q,Q,A,23,True,0
1334,R,L,P,P,D,T,T,T,P,,,,4,5,9,R,P,P,D,23,True,0
1335,E,L,L,R,L,R,P,R,P,,,,7,2,9,E,P,P,R,12,True,0
1336,I,K,E,K,Y,I,D,Q,Q,,,,8,1,9,I,Q,Q,Q,18,False,0
1337,K,N,L,S,E,R,W,D,V,,,,8,1,9,K,V,D,V,8,False,0
1338,H,L,D,R,V,Q,Q,V,K,,,,5,4,9,H,K,V,Q,16,True,0
1339,K,T,S,P,F,Q,C,G,G,,,,2,7,9,K,G,T,S,3,False,0
1340,F,I,T,E,N,Y,L,E,I,,,,1,8,9,F,I,F,I,8,True,0
1341,S,R,L,G,A,L,A,M,H,,,,5,4,9,S,H,A,L,25,False,0
1342,G,D,L,N,Q,T,L,E,L,,,,2,7,9,G,L,D,L,1,False,0
1343,T,L,R,I,D,E,S,E,V,,,,4,5,9,T,V,I,D,5,False,0
1344,Y,E,C,E,C,G,K,A,F,,,,3,6,9,Y,F,C,E,1,False,0
1345,S,A,T,C,G,E,W,E,A,,,,5,4,9,S,A,G,E,1,True,0
1346,P,S,L,A,F,L,L,E,L,,,,7,2,9,P,L,L,E,0,True,0
1347,D,L,Q,G,Q,I,Q,Y,Q,,,,6,3,9,D,Q,I,Q,24,True,0
1348,R,I,H,T,G,Q,R,I,H,,,,5,4,9,R,H,G,Q,22,False,0
1349,V,A,L,L,T,S,Q,A,V,,,,5,4,9,V,V,T,S,3,False,0
1350,Q,P,S,P,I,R,N,L,K,,,,8,1,9,Q,K,L,K,14,True,0
1351,A,T,M,D,C,R,V,H,M,,,,1,8,9,A,M,A,T,13,True,0
1352,P,S,N,K,A,K,Q,N,V,,,,2,7,9,P,V,S,N,14,True,0
1353,I,D,A,Q,F,K,G,R,L,,,,3,6,9,I,L,A,Q,23,True,0
1354,N,I,L,C,F,V,V,C,E,,,,3,6,9,N,E,L,C,15,False,0
1355,G,F,V,R,M,A,C,R,Y,,,,6,3,9,G,Y,A,C,14,True,0
1356,E,T,L,V,N,T,H,F,N,,,,3,6,9,E,N,L,V,9,False,0
1357,R,C,Q,Q,C,R,F,K,K,,,,1,8,9,R,K,R,C,0,False,0
1358,S,S,I,F,L,F,F,S,T,,,,4,5,9,S,T,F,L,2,True,0
1359,M,V,Q,I,C,G,R,N,T,,,,8,1,9,M,T,N,T,22,False,0
1360,L,L,L,T,E,K,P,I,V,,,,8,1,9,L,V,I,V,10,False,0
1361,F,A,S,E,Q,E,P,Q,P,,,,6,3,9,F,P,E,P,14,False,0
1362,K,K,I,K,R,S,S,I,R,,,,2,7,9,K,R,K,I,0,False,0
1363,A,Y,E,V,P,T,S,E,A,,,,7,2,9,A,A,S,E,9,False,0
1364,L,A,Q,P,F,A,A,S,H,,,,8,1,9,L,H,S,H,10,True,0
1365,E,A,F,K,E,E,Q,E,K,,,,1,8,9,E,K,E,A,9,False,0
1366,N,Q,G,K,G,M,D,Y,N,,,,6,3,9,N,N,M,D,16,False,0
1367,F,N,S,G,T,G,N,G,L,,,,4,5,9,F,L,G,T,13,False,0
1368,T,I,P,W,S,A,L,K,T,,,,1,8,9,T,T,T,I,19,False,0
1369,I,I,Q,H,S,G,S,N,S,,,,3,6,9,I,S,Q,H,11,False,0
1370,G,K,L,Y,E,C,S,E,C,,,,2,7,9,G,C,K,L,19,False,0
1371,G,M,E,P,P,T,D,C,R,,,,3,6,9,G,R,E,P,3,False,0
1372,E,K,V,V,V,H,V,C,D,,,,2,7,9,E,D,K,V,12,False,0
1373,G,L,A,T,F,V,F,D,V,,,,5,4,9,G,V,F,V,23,True,0
1374,P,P,Q,S,L,E,L,L,L,,,,1,8,9,P,L,P,P,18,False,0
1375,T,K,N,S,P,R,E,F,A,,,,3,6,9,T,A,N,S,7,False,0
1376,P,K,K,A,V,F,H,F,A,,,,4,5,9,P,A,A,V,12,False,0
1377,E,Q,E,E,R,L,E,R,L,,,,6,3,9,E,L,L,E,18,False,0
1378,M,K,L,D,I,E,S,R,S,,,,5,4,9,M,S,I,E,15,False,0
1379,P,V,I,C,E,P,S,C,C,,,,8,1,9,P,C,C,C,17,True,0
1380,I,P,A,G,A,L,R,L,G,,,,7,2,9,I,G,R,L,6,True,0
1381,P,A,K,N,N,Y,H,A,V,,,,7,2,9,P,V,H,A,16,False,0
1382,G,M,P,Q,Q,R,L,N,I,,,,2,7,9,G,I,M,P,21,True,0
1383,G,M,K,E,K,V,N,T,H,,,,1,8,9,G,H,G,M,25,True,0
1384,H,D,S,I,K,A,R,L,E,,,,4,5,9,H,E,I,K,24,False,0
1385,L,E,A,R,N,E,A,L,E,,,,2,7,9,L,E,E,A,2,False,0
1386,E,H,D,R,R,P,S,S,C,,,,1,8,9,E,C,E,H,17,False,0
1387,V,Y,A,T,K,D,K,F,T,,,,1,8,9,V,T,V,Y,17,True,0
1388,H,Y,G,K,I,I,Q,K,E,,,,7,2,9,H,E,Q,K,25,False,0
1389,K,K,I,E,T,L,R,E,K,,,,5,4,9,K,K,T,L,10,True,0
1390,G,W,L,N,S,V,A,L,E,,,,3,6,9,G,E,L,N,19,False,0
1391,H,Q,I,N,E,I,T,G,E,,,,2,7,9,H,E,Q,I,12,True,0
1392,A,A,C,C,G,L,E,D,L,,,,2,7,9,A,L,A,C,2,False,0
1393,M,Q,A,L,F,V,L,K,N,,,,4,5,9,M,N,L,F,3,True,0
1394,S,R,N,T,V,S,A,P,S,,,,5,4,9,S,S,V,S,7,True,0
1395,E,I,V,A,V,K,I,L,N,,,,2,7,9,E,N,I,V,15,True,0
1396,G,L,E,G,S,D,K,L,A,,,,8,1,9,G,A,L,A,10,True,0
1397,C,P,N,C,A,V,L,V,D,,,,7,2,9,C,D,L,V,5,True,0
1398,C,E,D,K,H,L,R,L,R,,,,4,5,9,C,R,K,H,5,True,0
1399,N,S,R,G,K,L,V,Q,D,,,,7,2,9,N,D,V,Q,11,False,0
1400,L,K,L,R,F,S,T,G,R,,,,3,6,9,L,R,L,R,6,True,0
1401,F,R,N,F,T,L,S,L,R,,,,7,2,9,F,R,S,L,23,True,0
1402,E,L,W,I,G,T,Y,V,F,,,,1,8,9,E,F,E,L,11,True,0
1403,A,A,K,I,Y,I,F,K,T,,,,4,5,9,A,T,I,Y,12,False,0
1404,L,C,S,R,S,G,R,R,V,,,,1,8,9,L,V,L,C,8,False,0
1405,T,I,C,A,Y,L,M,Q,S,,,,3,6,9,T,S,C,A,1,False,0
1406,T,S,E,V,S,I,M,L,A,,,,4,5,9,T,A,V,S,4,False,0
1407,S,E,L,P,Q,Y,R,L,M,,,,8,1,9,S,M,L,M,13,True,0
1408,P,L,S,R,L,A,P,A,P,,,,5,4,9,P,P,L,A,16,True,0
1409,P,L,D,L,I,T,H,G,P,,,,5,4,9,P,P,I,T,21,True,0
1410,G,L,G,E,R,Y,G,Y,G,,,,1,8,9,G,G,G,L,4,False,0
1411,N,F,K,K,K,G,K,E,R,,,,6,3,9,N,R,G,K,16,False,0
1412,W,M,Q,R,D,M,I,R,E,,,,4,5,9,W,E,R,D,22,True,0
1413,G,A,D,P,E,Q,L,E,P,,,,7,2,9,G,P,L,E,25,True,0
1414,P,A,A,P,E,A,E,S,A,,,,3,6,9,P,A,A,P,0,True,0
1415,H,R,L,R,S,F,S,K,T,,,,7,2,9,H,T,S,K,11,True,0
1416,A,R,K,L,T,A,Q,R,V,,,,8,1,9,A,V,R,V,4,False,0
1417,R,W,P,P,L,P,A,K,H,,,,3,6,9,R,H,P,P,0,True,0
1418,R,I,P,D,I,E,L,P,K,,,,3,6,9,R,K,P,D,24,True,0
1419,S,L,T,M,E,E,R,V,T,,,,1,8,9,S,T,S,L,10,False,0
1420,A,S,L,R,A,R,P,W,F,,,,3,6,9,A,F,L,R,20,False,0
1421,M,L,S,E,Y,P,I,D,R,,,,7,2,9,M,R,I,D,14,False,0
1422,D,Y,K,Y,K,K,C,G,K,,,,1,8,9,D,K,D,Y,2,False,0
1423,T,I,K,L,Y,T,L,P,Q,,,,4,5,9,T,Q,L,Y,2,True,0
1424,H,L,V,L,L,I,F,A,G,,,,4,5,9,H,G,L,L,20,True,0
1425,E,K,W,R,R,Q,R,S,G,,,,2,7,9,E,G,K,W,6,True,0
1426,P,Q,A,A,Y,Q,A,G,P,,,,2,7,9,P,P,Q,A,18,True,0
1427,M,M,I,E,S,L,R,H,Y,,,,4,5,9,M,Y,E,S,20,False,0
1428,E,S,L,P,A,I,R,G,K,,,,5,4,9,E,K,A,I,2,False,0
1429,A,P,K,T,D,S,E,K,P,,,,2,7,9,A,P,P,K,0,False,0
1430,E,R,F,N,N,L,I,L,R,,,,7,2,9,E,R,I,L,18,True,0
1431,Y,K,G,T,V,C,G,L,M,,,,8,1,9,Y,M,L,M,17,False,0
1432,Y,Y,G,I,C,V,K,V,P,,,,7,2,9,Y,P,K,V,3,True,0
1433,T,E,V,N,A,Y,F,T,A,,,,5,4,9,T,A,A,Y,17,True,0
1434,I,N,E,N,H,L,F,N,K,,,,3,6,9,I,K,E,N,24,False,0
1435,R,E,S,D,S,D,P,Q,K,,,,2,7,9,R,K,E,S,23,True,0
1436,K,S,E,E,R,R,A,I,A,,,,1,8,9,K,A,K,S,15,True,0
1437,E,T,F,S,Q,C,I,Y,R,,,,3,6,9,E,R,F,S,21,True,0
1438,F,M,V,L,C,R,T,T,V,,,,4,5,9,F,V,L,C,3,False,0
1439,A,G,I,L,G,I,T,F,I,,,,3,6,9,A,I,I,L,8,True,0
1440,G,R,E,E,S,S,L,Q,V,,,,4,5,9,G,V,E,S,22,True,0
1441,Y,P,T,I,L,V,D,Y,P,,,,2,7,9,Y,P,P,T,18,False,0
1442,E,T,E,K,R,C,Q,V,F,,,,8,1,9,E,F,V,F,13,False,0
1443,A,A,T,M,E,M,F,M,N,,,,4,5,9,A,N,M,E,19,False,0
1444,Q,Q,G,P,P,E,D,S,G,,,,4,5,9,Q,G,P,P,19,False,0
1445,C,V,A,L,A,V,L,N,T,,,,1,8,9,C,T,C,V,20,True,0
1446,A,G,R,V,L,R,D,P,E,,,,4,5,9,A,E,V,L,20,True,0
1447,V,R,C,P,H,T,N,S,F,,,,3,6,9,V,F,C,P,10,True,0
1448,D,M,D,S,K,T,R,H,K,,,,4,5,9,D,K,S,K,6,True,0
1449,R,E,L,V,N,T,T,L,G,,,,2,7,9,R,G,E,L,20,True,0
1450,Y,N,V,Y,D,Q,A,W,R,,,,1,8,9,Y,R,Y,N,0,False,0
1451,A,V,F,E,A,V,E,K,V,,,,2,7,9,A,V,V,F,0,True,0
1452,N,V,G,N,K,I,D,L,E,,,,1,8,9,N,E,N,V,16,True,0
1453,Q,T,L,A,L,T,P,A,S,,,,4,5,9,Q,S,A,L,5,False,0
1454,Q,E,E,R,E,M,W,R,Q,,,,4,5,9,Q,Q,R,E,20,True,0
1455,H,R,K,S,H,D,C,S,L,,,,3,6,9,H,L,K,S,16,True,0
1456,I,Q,P,N,R,E,D,T,R,,,,8,1,9,I,R,T,R,10,True,0
1457,H,V,P,G,I,E,K,N,M,,,,8,1,9,H,M,N,M,10,False,0
1458,G,R,L,A,D,N,F,V,T,,,,1,8,9,G,T,G,R,15,False,0
1459,W,S,V,F,S,P,K,L,I,,,,8,1,9,W,I,L,I,8,False,0
1460,Q,L,D,T,A,F,V,M,A,,,,8,1,9,Q,A,M,A,7,True,0
1461,L,D,D,D,E,N,G,P,K,,,,1,8,9,L,K,L,D,10,True,0
1462,P,A,D,V,T,V,S,A,I,,,,7,2,9,P,I,S,A,5,True,0
1463,H,L,L,V,Y,G,R,T,D,,,,6,3,9,H,D,G,R,6,True,0
1464,Q,D,E,T,V,E,E,K,H,,,,7,2,9,Q,H,E,K,25,True,0
1465,A,F,L,L,M,T,D,E,V,,,,5,4,9,A,V,M,T,25,True,0
1466,T,T,R,E,M,T,S,S,V,,,,2,7,9,T,V,T,R,13,True,0
1467,P,F,S,S,R,S,L,G,D,,,,2,7,9,P,D,F,S,2,True,0
1468,T,Y,R,Q,F,N,P,G,L,,,,3,6,9,T,L,R,Q,4,False,0
1469,E,V,G,G,V,F,A,S,E,,,,8,1,9,E,E,S,E,11,True,0
1470,L,P,H,D,G,R,R,L,A,,,,1,8,9,L,A,L,P,2,False,0
1471,F,N,L,L,M,G,K,E,V,,,,1,8,9,F,V,F,N,1,True,0
1472,E,R,L,Q,A,A,L,E,P,,,,7,2,9,E,P,L,E,6,True,0
1473,G,I,E,F,S,L,E,E,W,,,,1,8,9,G,W,G,I,16,False,0
1474,E,D,D,M,S,Y,I,T,E,,,,8,1,9,E,E,T,E,7,True,0
1475,G,G,R,L,G,V,R,R,S,,,,7,2,9,G,S,R,R,18,True,0
1476,T,S,K,K,V,S,D,Y,Q,,,,7,2,9,T,Q,D,Y,11,True,0
1477,L,P,E,A,Q,V,F,Y,E,,,,4,5,9,L,E,A,Q,0,True,0
1478,S,M,P,Y,K,H,L,T,H,,,,5,4,9,S,H,K,H,17,True,0
1479,T,A,L,S,T,F,F,Q,P,,,,8,1,9,T,P,Q,P,16,False,0
1480,K,A,I,I,R,T,P,P,G,,,,7,2,9,K,G,P,P,14,True,0
1481,L,E,T,F,I,V,I,G,A,,,,5,4,9,L,A,I,V,5,False,0
1482,P,L,L,P,L,G,T,R,L,,,,2,7,9,P,L,L,L,17,True,0
1483,S,D,P,P,A,P,R,A,A,,,,6,3,9,S,A,P,R,22,False,0
1484,T,A,C,T,Q,L,Y,M,R,,,,5,4,9,T,R,Q,L,12,False,0
1485,H,K,N,I,L,R,A,H,K,,,,6,3,9,H,K,R,A,15,True,0
1486,I,K,V,H,T,G,E,R,P,,,,8,1,9,I,P,R,P,0,False,0
1487,L,L,L,E,R,I,F,L,L,,,,5,4,9,L,L,R,I,22,False,0
1488,E,Y,E,T,C,R,A,L,S,,,,4,5,9,E,S,T,C,24,True,0
1489,F,G,A,A,H,E,L,K,T,,,,7,2,9,F,T,L,K,5,True,0
1490,R,E,L,T,P,T,P,A,A,,,,7,2,9,R,A,P,A,0,True,0
1491,K,E,M,L,D,T,V,R,N,,,,8,1,9,K,N,R,N,7,True,0
1492,L,S,C,I,R,G,E,K,K,,,,4,5,9,L,K,I,R,4,True,0
1493,R,N,D,L,W,L,D,K,Y,,,,5,4,9,R,Y,W,L,13,False,0
1494,G,S,K,L,C,E,E,T,P,,,,1,8,9,G,P,G,S,6,True,0
1495,I,K,Y,L,G,G,T,L,F,,,,5,4,9,I,F,G,G,13,False,0
1496,C,E,N,G,L,P,I,K,L,,,,8,1,9,C,L,K,L,5,True,0
1497,R,L,R,P,N,Y,P,A,A,,,,8,1,9,R,A,A,A,14,True,0
1498,D,N,W,T,H,S,C,V,D,,,,7,2,9,D,D,C,V,9,False,0
1499,L,L,S,G,T,K,E,T,Y,,,,2,7,9,L,Y,L,S,21,False,0
1500,L,K,N,Y,D,R,F,H,D,N,,,8,2,10,L,N,H,D,3,False,0
1501,D,H,G,S,P,A,V,G,A,A,,,6,4,10,D,A,A,V,0,True,0
1502,T,E,G,S,L,K,C,T,V,T,,,5,5,10,T,T,L,K,2,True,0
1503,Y,C,Y,T,H,S,R,T,P,E,,,4,6,10,Y,E,T,H,21,True,0
1504,E,V,D,T,S,A,Y,E,K,L,,,5,5,10,E,L,S,A,25,True,0
1505,G,D,C,N,G,K,R,H,G,K,,,2,8,10,G,K,D,C,14,True,0
1506,G,R,I,P,D,L,T,D,V,N,,,2,8,10,G,N,R,I,23,False,0
1507,G,Y,I,A,S,R,V,G,S,C,,,7,3,10,G,C,V,G,10,True,0
1508,F,L,T,G,L,K,T,V,H,P,,,6,4,10,F,P,K,T,12,False,0
1509,R,G,L,R,N,T,A,R,D,L,,,7,3,10,R,L,A,R,9,False,0
1510,S,Y,L,I,I,D,R,L,F,N,,,6,4,10,S,N,D,R,14,True,0
1511,L,L,G,A,L,V,R,T,A,A,,,5,5,10,L,A,L,V,3,True,0
1512,S,A,Q,K,S,P,P,P,Q,G,,,7,3,10,S,G,P,P,16,True,0
1513,P,L,V,V,I,P,P,K,M,N,,,9,1,10,P,N,M,N,21,True,0
1514,L,R,D,G,Q,Q,E,E,K,M,,,4,6,10,L,M,G,Q,22,True,0
1515,R,T,W,T,N,L,I,E,G,S,,,4,6,10,R,S,T,N,18,True,0
1516,E,T,D,I,W,D,M,A,Y,V,,,7,3,10,E,V,M,A,11,True,0
1517,D,K,I,E,G,V,G,I,D,I,,,6,4,10,D,I,V,G,25,False,0
1518,R,G,S,P,R,R,T,S,R,V,,,1,9,10,R,V,R,G,6,False,0
1519,S,S,H,P,P,A,E,H,S,I,,,8,2,10,S,I,H,S,21,False,0
1520,I,Q,L,V,E,E,E,L,E,K,,,8,2,10,I,K,L,E,15,True,0
1521,E,L,H,A,D,A,V,E,K,V,,,3,7,10,E,V,H,A,23,True,0
1522,E,R,V,V,L,E,V,E,Y,E,,,7,3,10,E,E,V,E,0,False,0
1523,V,E,H,A,C,S,G,A,E,W,,,5,5,10,V,W,C,S,5,True,0
1524,D,C,Y,D,T,R,T,S,A,E,,,9,1,10,D,E,A,E,6,False,0
1525,F,F,S,P,V,P,S,Q,V,P,,,4,6,10,F,P,P,V,3,True,0
1526,P,D,A,T,S,L,A,S,F,D,,,4,6,10,P,D,T,S,13,False,0
1527,R,F,D,V,E,I,T,E,L,C,,,4,6,10,R,C,V,E,10,True,0
1528,P,E,D,L,S,G,W,Q,P,R,,,3,7,10,P,R,D,L,14,True,0
1529,L,E,H,L,P,E,A,N,N,R,,,8,2,10,L,R,N,N,20,False,0
1530,E,R,R,F,V,L,L,T,I,V,,,6,4,10,E,V,L,L,2,True,0
1531,P,N,L,F,H,E,R,K,D,E,,,7,3,10,P,E,R,K,8,False,0
1532,S,S,Q,R,R,N,L,P,M,Y,,,9,1,10,S,Y,M,Y,21,False,0
1533,T,D,S,S,D,D,E,T,S,S,,,9,1,10,T,S,S,S,11,False,0
1534,Y,K,C,A,R,I,K,H,Q,R,,,3,7,10,Y,R,C,A,11,False,0
1535,T,P,E,N,K,R,K,C,M,Q,,,4,6,10,T,Q,N,K,7,True,0
1536,C,G,C,L,L,N,L,S,G,F,,,3,7,10,C,F,C,L,20,False,0
1537,E,Q,K,L,R,V,D,V,D,T,,,3,7,10,E,T,K,L,1,False,0
1538,M,R,R,I,S,L,T,S,G,G,,,8,2,10,M,G,S,G,20,False,0
1539,Q,E,E,K,M,G,M,C,E,Q,,,6,4,10,Q,Q,G,M,5,False,0
1540,D,L,T,L,K,M,S,P,G,G,,,6,4,10,D,G,M,S,17,False,0
1541,A,A,D,V,D,P,M,N,I,D,,,1,9,10,A,D,A,A,2,False,0
1542,A,L,Q,R,L,L,A,Q,P,P,,,9,1,10,A,P,P,P,15,False,0
1543,S,P,G,D,E,P,P,P,Q,S,,,4,6,10,S,S,D,E,23,True,0
1544,T,P,D,M,M,A,T,L,A,L,,,9,1,10,T,L,A,L,12,False,0
1545,I,F,S,F,L,P,R,S,L,C,,,5,5,10,I,C,L,P,1,False,0
1546,E,E,A,S,L,S,Q,R,H,F,,,7,3,10,E,F,Q,R,19,False,0
1547,S,T,L,Q,N,S,C,C,S,Y,,,3,7,10,S,Y,L,Q,1,False,0
1548,D,W,V,E,L,L,G,F,P,I,,,4,6,10,D,I,E,L,22,False,0
1549,Q,G,P,A,A,S,S,L,F,H,,,2,8,10,Q,H,G,P,1,False,0
1550,V,N,V,F,Q,A,V,C,F,L,,,2,8,10,V,L,N,V,22,True,0
1551,K,E,S,E,L,V,E,Q,G,I,,,3,7,10,K,I,S,E,25,False,0
1552,E,S,S,S,E,P,Q,V,Y,S,,,7,3,10,E,S,Q,V,8,False,0
1553,W,A,G,L,L,S,M,H,A,Y,,,7,3,10,W,Y,M,H,6,True,0
1554,D,T,K,E,A,A,A,R,V,M,,,7,3,10,D,M,A,R,20,False,0
1555,L,E,W,A,M,K,N,H,W,V,,,8,2,10,L,V,H,W,18,False,0
1556,S,H,S,S,K,G,T,P,S,P,,,8,2,10,S,P,P,S,1,True,0
1557,T,H,M,L,Q,Q,Q,I,M,Q,,,5,5,10,T,Q,Q,Q,19,False,0
1558,T,P,S,P,V,K,N,K,K,M,,,6,4,10,T,M,K,N,22,True,0
1559,D,E,H,H,F,T,L,R,Q,V,,,1,9,10,D,V,D,E,15,False,0
1560,Y,G,S,V,W,E,K,L,H,S,,,9,1,10,Y,S,H,S,14,True,0
1561,Q,R,E,E,L,Q,K,R,N,H,,,2,8,10,Q,H,R,E,17,True,0
1562,F,Q,R,T,Y,S,V,L,L,P,,,4,6,10,F,P,T,Y,3,True,0
1563,V,T,F,N,L,K,N,C,I,G,,,4,6,10,V,G,N,L,18,True,0
1564,T,V,P,S,P,S,P,I,P,P,,,2,8,10,T,P,V,P,1,False,0
1565,P,F,E,E,S,T,F,D,F,K,,,5,5,10,P,K,S,T,18,True,0
1566,F,D,Y,F,Q,V,I,W,R,Y,,,3,7,10,F,Y,Y,F,25,True,0
1567,Q,R,G,Q,I,M,L,N,S,L,,,2,8,10,Q,L,R,G,15,True,0
1568,R,G,A,P,A,D,A,C,S,T,,,1,9,10,R,T,R,G,18,True,0
1569,L,L,R,I,I,K,K,F,Q,F,,,2,8,10,L,F,L,R,19,False,0
1570,T,S,P,P,P,G,R,M,D,P,,,2,8,10,T,P,S,P,8,True,0
1571,I,L,A,L,L,P,G,P,E,N,,,3,7,10,I,N,A,L,9,True,0
1572,G,S,L,D,I,Q,S,Y,L,V,,,6,4,10,G,V,Q,S,25,True,0
1573,A,E,D,A,L,Y,N,L,N,P,,,9,1,10,A,P,N,P,21,True,0
1574,E,L,N,A,L,K,D,Q,E,V,,,6,4,10,E,V,K,D,20,False,0
1575,P,R,G,I,D,S,Q,F,C,T,,,2,8,10,P,T,R,G,12,True,0
1576,N,P,K,Q,G,A,L,A,L,R,,,8,2,10,N,R,A,L,17,True,0
1577,L,L,V,S,A,K,S,N,G,R,,,1,9,10,L,R,L,L,8,True,0
1578,S,C,D,S,S,S,G,P,P,A,,,5,5,10,S,A,S,S,21,False,0
1579,P,H,S,V,K,V,V,A,L,G,,,3,7,10,P,G,S,V,22,False,0
1580,N,I,T,R,A,V,E,I,N,E,,,5,5,10,N,E,A,V,2,False,0
1581,F,Q,A,Q,Y,L,N,K,E,T,,,3,7,10,F,T,A,Q,4,True,0
1582,E,G,P,L,L,K,D,A,R,D,,,6,4,10,E,D,K,D,4,False,0
1583,S,P,S,Q,S,V,Q,F,K,G,,,8,2,10,S,G,F,K,3,False,0
1584,T,S,I,N,Y,R,L,L,A,K,,,2,8,10,T,K,S,I,15,True,0
1585,S,E,T,F,R,E,N,N,L,S,,,4,6,10,S,S,F,R,18,True,0
1586,S,K,L,F,D,D,D,P,P,G,,,6,4,10,S,G,D,D,16,True,0
1587,E,F,K,N,E,S,Q,P,D,S,,,3,7,10,E,S,K,N,13,False,0
1588,K,L,F,N,I,L,D,A,P,N,,,7,3,10,K,N,D,A,16,True,0
1589,S,Q,S,D,Q,N,I,E,Y,E,,,2,8,10,S,E,Q,S,22,False,0
1590,L,K,P,T,L,K,N,C,S,I,,,7,3,10,L,I,N,C,7,True,0
1591,A,N,R,L,N,G,L,E,F,L,,,8,2,10,A,L,E,F,25,True,0
1592,E,F,S,R,L,G,P,T,V,M,,,4,6,10,E,M,R,L,4,True,0
1593,S,S,P,T,A,A,S,G,G,C,,,3,7,10,S,C,P,T,1,False,0
1594,L,L,H,K,T,I,Q,L,A,S,,,9,1,10,L,S,A,S,11,False,0
1595,V,S,L,P,E,I,E,A,Q,L,,,6,4,10,V,L,I,E,2,True,0
1596,R,C,P,R,C,H,L,R,S,P,,,4,6,10,R,P,R,C,18,True,0
1597,V,G,T,F,T,S,P,C,Y,P,,,1,9,10,V,P,V,G,6,False,0
1598,V,Q,S,L,T,Q,E,E,S,S,,,8,2,10,V,S,E,S,0,False,0
1599,K,R,Y,A,W,K,R,R,S,G,,,7,3,10,K,G,R,R,5,False,0
1600,S,K,K,P,Q,Y,L,D,T,C,,,9,1,10,S,C,T,C,3,False,0
1601,L,L,L,S,F,H,M,E,M,V,,,2,8,10,L,V,L,L,9,True,0
1602,E,N,L,P,L,P,L,R,P,C,,,2,8,10,E,C,N,L,9,True,0
1603,P,L,S,L,L,E,Y,S,Q,Y,,,6,4,10,P,Y,E,Y,7,False,0
1604,P,T,H,G,C,N,N,I,S,Q,,,5,5,10,P,Q,C,N,23,True,0
1605,S,E,Q,V,H,M,V,S,H,T,,,3,7,10,S,T,Q,V,18,False,0
1606,I,I,L,K,E,D,A,E,K,D,,,2,8,10,I,D,I,L,24,True,0
1607,R,T,P,P,S,P,P,P,A,S,,,4,6,10,R,S,P,S,8,False,0
1608,G,S,G,C,R,A,L,N,V,S,,,2,8,10,G,S,S,G,6,False,0
1609,K,A,K,N,Y,R,L,G,M,L,,,4,6,10,K,L,N,Y,12,True,0
1610,D,K,L,E,V,E,I,A,I,K,,,1,9,10,D,K,D,K,2,True,0
1611,G,Q,A,W,A,V,I,E,Q,L,,,4,6,10,G,L,W,A,25,True,0
1612,A,R,S,A,P,G,S,L,S,P,,,2,8,10,A,P,R,S,4,False,0
1613,C,L,V,G,S,P,D,R,N,Y,,,4,6,10,C,Y,G,S,19,True,0
1614,E,E,P,E,N,T,G,N,R,H,,,5,5,10,E,H,N,T,14,True,0
1615,T,K,Y,S,I,Y,V,Y,K,V,,,2,8,10,T,V,K,Y,16,False,0
1616,G,Y,T,F,K,H,L,S,I,G,,,6,4,10,G,G,H,L,11,True,0
1617,F,Q,K,D,N,F,N,N,N,N,,,9,1,10,F,N,N,N,0,False,0
1618,V,T,Q,P,K,V,T,K,Y,R,,,8,2,10,V,R,K,Y,4,False,0
1619,K,P,K,R,K,R,T,G,P,P,,,8,2,10,K,P,G,P,20,True,0
1620,Y,G,P,R,G,F,I,T,H,K,,,1,9,10,Y,K,Y,G,11,False,0
1621,P,R,Q,N,L,K,G,L,A,G,,,5,5,10,P,G,L,K,15,True,0
1622,L,H,G,S,S,Q,P,R,Q,Q,,,1,9,10,L,Q,L,H,0,True,0
1623,Q,S,E,E,K,S,R,Q,W,L,,,8,2,10,Q,L,Q,W,3,False,0
1624,L,E,T,Q,G,R,T,D,F,T,,,6,4,10,L,T,R,T,18,False,0
1625,D,V,Q,E,E,A,I,E,F,I,,,4,6,10,D,I,E,E,23,False,0
1626,E,L,Q,N,Q,E,E,G,H,A,,,1,9,10,E,A,E,L,1,False,0
1627,V,N,E,E,A,T,G,Q,S,L,,,8,2,10,V,L,Q,S,22,True,0
1628,H,L,H,Q,H,K,R,S,T,L,,,7,3,10,H,L,R,S,20,False,0
1629,E,T,P,G,D,E,A,A,S,T,,,6,4,10,E,T,E,A,8,True,0
1630,W,G,P,N,A,T,L,N,S,S,,,1,9,10,W,S,W,G,0,True,0
1631,M,G,A,G,L,F,S,H,R,L,,,7,3,10,M,L,S,H,3,True,0
1632,I,N,G,F,A,S,L,F,H,A,,,5,5,10,I,A,A,S,24,False,0
1633,E,N,L,R,F,H,V,E,P,A,,,7,3,10,E,A,V,E,16,False,0
1634,I,V,L,K,P,P,T,I,Y,I,,,8,2,10,I,I,I,Y,7,True,0
1635,D,T,I,T,P,E,I,R,R,D,,,8,2,10,D,D,R,R,12,False,0
1636,K,R,P,T,R,I,S,T,S,N,,,6,4,10,K,N,I,S,0,False,0
1637,P,R,L,M,T,S,K,P,F,I,,,8,2,10,P,I,P,F,18,True,0
1638,Q,I,R,D,L,Q,Q,E,N,E,,,9,1,10,Q,E,N,E,2,True,0
1639,K,S,S,G,R,S,L,G,C,Q,,,1,9,10,K,Q,K,S,11,False,0
1640,L,V,L,E,M,M,Q,K,L,L,,,4,6,10,L,L,E,M,12,True,0
1641,D,N,R,E,R,G,Q,W,Y,L,,,1,9,10,D,L,D,N,13,False,0
1642,V,A,D,S,L,P,L,L,T,Q,,,1,9,10,V,Q,V,A,9,True,0
1643,Q,P,I,D,V,T,I,L,F,L,,,6,4,10,Q,L,T,I,22,True,0
1644,T,L,L,A,S,P,G,A,Q,K,,,9,1,10,T,K,Q,K,9,False,0
1645,A,Q,L,P,C,T,C,Q,N,G,,,1,9,10,A,G,A,Q,0,True,0
1646,H,I,Q,H,S,L,N,K,D,C,,,6,4,10,H,C,L,N,9,False,0
1647,R,L,E,A,L,P,R,I,V,E,,,2,8,10,R,E,L,E,9,False,0
1648,L,E,E,N,F,P,D,M,Y,P,,,4,6,10,L,P,N,F,7,False,0
1649,Q,K,R,D,C,K,F,N,C,G,,,3,7,10,Q,G,R,D,5,True,0
1650,N,R,S,T,M,Q,L,A,E,L,,,2,8,10,N,L,R,S,10,True,0
1651,R,G,A,G,G,T,S,S,V,H,,,5,5,10,R,H,G,T,24,True,0
1652,E,T,F,Q,G,V,T,G,Y,L,,,2,8,10,E,L,T,F,8,True,0
1653,H,H,S,Q,R,S,D,V,T,S,,,6,4,10,H,S,S,D,25,True,0
1654,E,L,F,S,Q,L,R,R,Y,P,,,9,1,10,E,P,Y,P,18,True,0
1655,D,F,E,G,R,L,C,D,C,V,,,1,9,10,D,V,D,F,22,False,0
1656,E,E,M,K,Q,G,R,K,K,A,,,6,4,10,E,A,G,R,11,True,0
1657,A,L,R,F,H,C,P,K,L,Y,,,5,5,10,A,Y,H,C,2,False,0
1658,A,C,R,E,S,G,G,A,P,S,,,8,2,10,A,S,A,P,25,False,0
1659,F,M,E,T,S,A,K,L,N,V,,,9,1,10,F,V,N,V,2,False,0
1660,S,S,V,W,F,N,V,R,R,I,,,3,7,10,S,I,V,W,19,True,0
1661,H,L,T,M,L,T,L,N,G,C,,,4,6,10,H,C,M,L,3,False,0
1662,Q,D,G,E,Q,S,L,P,Y,L,,,3,7,10,Q,L,G,E,14,True,0
1663,P,I,F,S,L,W,S,H,E,Q,,,2,8,10,P,Q,I,F,7,True,0
1664,E,S,Y,L,L,E,L,T,R,Y,,,5,5,10,E,Y,L,E,1,False,0
1665,L,S,I,H,S,N,V,H,S,V,,,9,1,10,L,V,S,V,20,False,0
1666,D,N,V,I,P,H,F,T,A,T,,,2,8,10,D,T,N,V,25,False,0
1667,K,T,K,T,K,E,E,L,H,C,,,5,5,10,K,C,K,E,10,False,0
1668,S,Y,V,A,R,V,Y,V,E,V,,,6,4,10,S,V,V,Y,9,False,0
1669,M,K,D,R,T,L,N,C,M,I,,,2,8,10,M,I,K,D,2,True,0
1670,I,I,H,T,I,E,K,E,C,K,,,7,3,10,I,K,K,E,2,False,0
1671,S,F,S,S,S,S,S,T,R,K,,,4,6,10,S,K,S,S,0,False,0
1672,L,L,K,A,N,R,P,P,L,E,,,1,9,10,L,E,L,L,24,True,0
1673,L,L,N,I,A,R,G,K,K,Y,,,1,9,10,L,Y,L,L,10,False,0
1674,M,S,P,R,K,A,L,I,R,V,,,8,2,10,M,V,I,R,17,False,0
1675,T,V,G,L,T,D,K,I,L,Y,,,5,5,10,T,Y,T,D,14,False,0
1676,K,E,E,I,Y,G,V,S,S,T,,,1,9,10,K,T,K,E,17,False,0
1677,F,W,L,S,G,F,F,L,Q,Q,,,7,3,10,F,Q,F,L,9,True,0
1678,G,L,L,H,S,Q,F,L,T,P,,,1,9,10,G,P,G,L,7,False,0
1679,E,R,R,G,L,G,G,T,E,G,,,6,4,10,E,G,G,G,16,True,0
1680,T,V,D,T,K,Q,L,V,G,N,,,6,4,10,T,N,Q,L,7,True,0
1681,S,S,L,S,M,S,K,S,S,S,,,8,2,10,S,S,S,S,13,False,0
1682,T,V,K,C,H,F,Y,E,V,L,,,2,8,10,T,L,V,K,11,False,0
1683,D,T,H,L,T,E,S,V,L,H,,,5,5,10,D,H,T,E,12,False,0
1684,S,T,M,E,A,V,A,A,A,K,,,3,7,10,S,K,M,E,15,False,0
1685,E,S,L,P,F,S,E,A,W,Y,,,6,4,10,E,Y,S,E,9,False,0
1686,S,T,G,E,L,S,T,S,S,L,,,9,1,10,S,L,S,L,23,True,0
1687,N,M,Q,R,G,M,M,G,M,L,,,4,6,10,N,L,R,G,17,True,0
1688,L,P,E,Y,K,L,Q,A,P,I,,,9,1,10,L,I,P,I,1,False,0
1689,G,K,D,L,T,R,F,V,D,F,,,1,9,10,G,F,G,K,21,True,0
1690,V,T,G,E,Q,P,K,F,L,G,,,3,7,10,V,G,G,E,5,True,0
1691,P,E,H,S,R,G,M,Q,A,D,,,7,3,10,P,D,M,Q,18,True,0
1692,R,H,S,Q,Q,N,M,L,L,I,,,2,8,10,R,I,H,S,20,False,0
1693,S,C,N,L,Q,I,N,M,T,D,,,3,7,10,S,D,N,L,7,False,0
1694,Q,L,V,Q,T,V,E,A,R,S,,,1,9,10,Q,S,Q,L,9,True,0
1695,A,L,R,K,S,L,K,A,Y,G,,,7,3,10,A,G,K,A,22,False,0
1696,W,S,S,D,E,F,M,D,S,R,,,9,1,10,W,R,S,R,19,False,0
1697,F,L,T,D,L,N,H,L,C,N,,,6,4,10,F,N,N,H,11,True,0
1698,E,E,K,T,L,L,G,R,D,L,,,3,7,10,E,L,K,T,5,True,0
1699,P,G,S,K,Q,L,V,H,Y,T,,,3,7,10,P,T,S,K,8,True,0
1700,E,H,F,I,D,L,G,V,L,I,,,5,5,10,E,I,D,L,16,True,0
1701,R,D,H,A,I,D,R,R,E,G,,,1,9,10,R,G,R,D,13,False,0
1702,I,L,L,K,Y,E,A,L,S,D,,,5,5,10,I,D,Y,E,16,False,0
1703,I,I,K,I,L,K,P,D,A,V,,,6,4,10,I,V,K,P,24,True,0
1704,R,L,T,I,N,K,H,L,Y,L,,,6,4,10,R,L,K,H,15,True,0
1705,I,L,N,V,L,Q,A,P,M,S,,,3,7,10,I,S,N,V,9,True,0
1706,E,N,A,P,P,Q,T,L,D,L,,,3,7,10,E,L,A,P,7,True,0
1707,C,A,V,C,W,L,P,L,H,V,,,1,9,10,C,V,C,A,9,False,0
1708,Q,L,S,D,I,Y,L,N,N,I,,,1,9,10,Q,I,Q,L,5,True,0
1709,G,L,S,G,L,R,F,N,P,V,,,3,7,10,G,V,S,G,17,False,0
1710,P,C,Q,S,D,E,V,P,W,N,,,8,2,10,P,N,P,W,13,True,0
1711,L,L,T,G,R,F,G,M,Q,S,,,7,3,10,L,S,G,M,12,True,0
1712,W,Y,P,N,P,S,A,R,R,I,,,8,2,10,W,I,R,R,4,False,0
1713,W,E,K,E,E,E,E,K,M,R,,,5,5,10,W,R,E,E,20,True,0
1714,R,L,I,T,N,K,R,E,G,L,,,3,7,10,R,L,I,T,3,True,0
1715,V,E,D,Y,D,F,N,P,W,W,,,5,5,10,V,W,D,F,19,True,0
1716,P,A,N,I,H,I,Y,D,K,K,,,8,2,10,P,K,D,K,14,False,0
1717,V,V,L,A,V,V,V,P,G,P,,,8,2,10,V,P,P,G,7,False,0
1718,Q,L,W,R,M,R,L,N,K,A,,,4,6,10,Q,A,R,M,21,True,0
1719,T,L,Q,S,D,F,I,G,D,T,,,4,6,10,T,T,S,D,3,False,0
1720,R,V,P,Q,Q,G,F,V,A,R,,,2,8,10,R,R,V,P,10,False,0
1721,D,N,T,C,S,V,I,T,T,L,,,1,9,10,D,L,D,N,20,False,0
1722,A,F,A,S,P,F,G,C,I,E,,,8,2,10,A,E,C,I,21,False,0
1723,P,T,Q,R,L,V,V,Q,A,K,,,6,4,10,P,K,V,V,19,True,0
1724,S,Y,T,P,L,T,F,P,S,A,,,9,1,10,S,A,S,A,9,False,0
1725,K,N,I,N,S,L,A,G,N,T,,,5,5,10,K,T,S,L,18,False,0
1726,E,I,Q,M,F,T,L,S,S,L,,,6,4,10,E,L,T,L,6,False,0
1727,E,D,G,V,R,D,L,V,V,L,,,5,5,10,E,L,R,D,0,False,0
1728,Y,L,Q,E,E,L,K,V,G,F,,,7,3,10,Y,F,K,V,23,True,0
1729,Y,G,Y,L,K,K,Y,H,F,I,,,8,2,10,Y,I,H,F,21,False,0
1730,V,P,A,F,C,G,W,L,S,C,,,2,8,10,V,C,P,A,23,True,0
1731,P,N,D,S,S,S,A,V,G,D,,,1,9,10,P,D,P,N,23,True,0
1732,Q,D,F,T,E,E,K,M,K,I,,,5,5,10,Q,I,E,E,21,False,0
1733,I,S,A,V,A,V,D,S,S,F,,,6,4,10,I,F,V,D,22,True,0
1734,E,S,A,K,D,L,K,N,M,L,,,1,9,10,E,L,E,S,3,False,0
1735,W,P,E,N,G,E,K,T,D,E,,,5,5,10,W,E,G,E,10,False,0
1736,Q,E,E,Q,E,D,E,F,D,Q,,,3,7,10,Q,Q,E,Q,21,False,0
1737,L,I,Q,K,E,S,T,L,H,L,,,1,9,10,L,L,L,I,3,True,0
1738,L,P,V,A,E,D,L,T,T,T,,,1,9,10,L,T,L,P,9,True,0
1739,I,E,L,L,L,S,Q,V,Y,F,,,5,5,10,I,F,L,S,8,False,0
1740,K,S,S,K,H,K,S,R,S,R,,,6,4,10,K,R,K,S,23,True,0
1741,S,K,T,S,G,T,T,S,T,T,,,5,5,10,S,T,G,T,13,True,0
1742,L,L,T,Y,T,Y,I,I,S,T,,,3,7,10,L,T,T,Y,22,False,0
1743,P,S,A,A,S,H,L,I,F,G,,,7,3,10,P,G,L,I,0,True,0
1744,L,R,S,V,T,K,R,R,T,G,,,5,5,10,L,G,T,K,16,False,0
1745,R,A,E,G,E,R,A,I,R,E,,,5,5,10,R,E,E,R,2,True,0
1746,L,A,G,S,P,Q,L,L,P,L,,,3,7,10,L,L,G,S,7,False,0
1747,G,F,S,C,G,A,I,A,F,V,,,4,6,10,G,V,C,G,23,False,0
1748,S,I,V,M,L,R,D,T,D,V,,,1,9,10,S,V,S,I,14,True,0
1749,W,G,I,S,Y,N,A,V,S,R,,,9,1,10,W,R,S,R,19,False,0
1750,N,D,L,V,Q,T,P,K,A,G,,,6,4,10,N,G,T,P,5,True,0
1751,G,R,T,E,A,S,P,L,S,K,,,7,3,10,G,K,P,L,7,False,0
1752,D,T,P,K,G,D,R,G,E,P,,,2,8,10,D,P,T,P,10,True,0
1753,S,T,P,T,S,S,V,A,T,P,,,2,8,10,S,P,T,P,1,True,0
1754,G,A,R,A,V,P,P,W,V,P,,,6,4,10,G,P,P,P,12,False,0
1755,S,L,Q,Q,Q,A,A,E,V,P,,,5,5,10,S,P,Q,A,10,True,0
1756,S,F,L,S,G,W,D,C,G,Y,,,9,1,10,S,Y,G,Y,18,True,0
1757,L,Y,V,Q,L,H,G,E,T,P,,,9,1,10,L,P,T,P,1,True,0
1758,H,Y,K,C,E,E,C,G,K,A,,,1,9,10,H,A,H,Y,9,False,0
1759,V,L,E,D,N,G,T,K,A,V,,,5,5,10,V,V,N,G,14,True,0
1760,Y,A,P,S,N,Y,S,L,L,D,,,1,9,10,Y,D,Y,A,15,True,0
1761,L,F,Q,N,T,E,R,R,A,L,,,8,2,10,L,L,R,A,3,True,0
1762,I,Q,A,Q,K,Q,Q,K,L,D,,,5,5,10,I,D,K,Q,12,True,0
1763,L,I,M,E,L,D,F,L,N,D,,,5,5,10,L,D,L,D,14,False,0
1764,E,E,T,L,P,L,M,R,E,T,,,8,2,10,E,T,R,E,0,False,0
1765,L,A,V,G,M,I,P,G,K,D,,,1,9,10,L,D,L,A,5,True,0
1766,V,I,E,Y,L,C,A,E,G,E,,,9,1,10,V,E,G,E,21,False,0
1767,H,S,G,V,L,R,L,Q,A,S,,,9,1,10,H,S,A,S,8,False,0
1768,S,S,T,N,E,S,R,K,V,M,,,2,8,10,S,M,S,T,13,True,0
1769,D,G,P,A,E,T,Q,S,P,Q,,,9,1,10,D,Q,P,Q,13,False,0
1770,L,E,R,E,G,M,G,M,D,V,,,9,1,10,L,V,D,V,1,True,0
1771,T,T,T,K,H,R,A,L,E,L,,,4,6,10,T,L,K,H,17,False,0
1772,F,E,T,L,E,V,E,N,L,R,,,6,4,10,F,R,V,E,15,True,0
1773,N,I,K,D,V,K,I,G,L,N,,,1,9,10,N,N,N,I,7,False,0
1774,G,F,G,K,R,R,H,P,K,C,,,9,1,10,G,C,K,C,4,True,0
1775,I,S,A,R,L,L,G,D,A,S,,,1,9,10,I,S,I,S,10,True,0
1776,A,F,V,V,V,L,T,Y,A,N,,,2,8,10,A,N,F,V,8,True,0
1777,Y,W,K,S,F,H,K,H,D,V,,,5,5,10,Y,V,F,H,0,True,0
1778,A,Q,Q,Q,G,K,V,R,E,N,,,6,4,10,A,N,K,V,9,True,0
1779,V,W,N,V,F,A,L,T,E,D,,,3,7,10,V,D,N,V,19,True,0
1780,L,T,E,E,Q,R,K,A,L,G,,,7,3,10,L,G,K,A,13,True,0
1781,S,A,G,P,A,R,E,H,E,E,,,8,2,10,S,E,H,E,22,False,0
1782,V,D,N,P,G,G,A,G,M,L,,,4,6,10,V,L,P,G,16,True,0
1783,T,S,S,W,N,D,Y,L,G,L,,,1,9,10,T,L,T,S,4,True,0
1784,V,L,K,K,G,P,T,V,E,T,,,4,6,10,V,T,K,G,25,True,0
1785,N,R,N,A,A,K,K,S,C,Y,,,5,5,10,N,Y,A,K,5,True,0
1786,G,P,S,G,L,R,D,R,R,L,,,4,6,10,G,L,G,L,19,False,0
1787,S,W,F,G,N,A,V,V,A,H,,,7,3,10,S,H,V,V,0,True,0
1788,A,I,A,P,S,S,D,W,E,D,,,6,4,10,A,D,S,D,18,False,0
1789,G,S,P,A,G,S,P,G,S,N,,,3,7,10,G,N,P,A,8,False,0
1790,Y,S,A,R,A,C,A,K,Y,H,,,3,7,10,Y,H,A,R,22,False,0
1791,E,L,E,Q,I,V,I,L,A,A,,,6,4,10,E,A,V,I,5,False,0
1792,N,P,E,K,N,R,L,K,S,V,,,3,7,10,N,V,E,K,0,True,0
1793,F,S,I,R,L,V,K,R,C,T,,,1,9,10,F,T,F,S,3,False,0
1794,F,R,E,S,R,W,N,C,S,S,,,4,6,10,F,S,S,R,17,True,0
1795,N,F,D,A,F,P,A,I,P,E,,,6,4,10,N,E,P,A,14,False,0
1796,P,G,T,G,I,W,Q,S,T,R,,,8,2,10,P,R,S,T,12,True,0
1797,D,P,L,I,T,F,G,Y,L,T,,,4,6,10,D,T,I,T,16,True,0
1798,A,P,K,F,L,A,F,T,C,G,,,5,5,10,A,G,L,A,0,False,0
1799,T,E,F,S,E,A,S,K,A,K,,,5,5,10,T,K,E,A,21,False,0
1800,A,A,P,R,V,W,G,S,P,G,,,3,7,10,A,G,P,R,16,True,0
1801,M,R,G,M,S,A,D,P,T,A,,,8,2,10,M,A,P,T,15,True,0
1802,K,A,D,H,L,E,S,E,D,L,,,3,7,10,K,L,D,H,2,False,0
1803,H,Q,S,Q,E,A,E,K,E,E,,,1,9,10,H,E,H,Q,25,True,0
1804,H,G,H,G,H,G,H,F,H,S,,,2,8,10,H,S,G,H,21,False,0
1805,R,R,T,A,D,A,S,N,G,S,,,2,8,10,R,S,R,T,13,True,0
1806,Q,V,Q,L,A,K,F,L,Q,E,,,3,7,10,Q,E,Q,L,25,True,0
1807,V,L,T,I,A,L,P,V,S,N,,,7,3,10,V,N,P,V,4,False,0
1808,K,Y,P,G,A,D,M,D,A,L,,,8,2,10,K,L,D,A,16,True,0
1809,V,N,R,P,D,S,Y,C,T,K,,,8,2,10,V,K,C,T,24,True,0
1810,R,S,R,C,E,A,M,A,A,E,,,1,9,10,R,E,R,S,1,True,0
1811,T,L,S,S,F,A,T,T,G,V,,,3,7,10,T,V,S,S,21,True,0
1812,Y,W,E,V,E,V,K,S,A,Y,,,6,4,10,Y,Y,V,K,23,True,0
1813,Q,L,K,R,R,I,E,E,L,E,,,7,3,10,Q,E,E,E,14,True,0
1814,Q,I,S,L,C,E,E,K,R,D,,,5,5,10,Q,D,C,E,18,True,0
1815,A,K,P,R,R,I,S,A,I,S,,,2,8,10,A,S,K,P,5,True,0
1816,R,L,H,S,L,C,S,L,C,L,,,5,5,10,R,L,L,C,22,False,0
1817,H,G,T,T,G,L,D,A,A,L,,,6,4,10,H,L,L,D,3,False,0
1818,D,S,L,E,I,H,M,A,P,P,,,4,6,10,D,P,E,I,23,True,0
1819,I,N,Q,K,L,Q,K,V,I,Q,,,9,1,10,I,Q,I,Q,0,False,0
1820,L,G,L,R,L,G,L,V,K,L,,,4,6,10,L,L,R,L,19,False,0
1821,P,D,T,F,L,P,G,P,H,Y,,,5,5,10,P,Y,L,P,18,False,0
1822,K,C,V,A,S,P,E,A,A,E,,,5,5,10,K,E,S,P,18,False,0
1823,E,V,E,C,M,G,S,S,E,M,,,3,7,10,E,M,E,C,6,True,0
1824,K,E,D,S,I,V,L,K,C,Q,,,2,8,10,K,Q,E,D,16,True,0
1825,G,M,D,Y,E,G,L,P,S,V,,,4,6,10,G,V,Y,E,21,False,0
1826,E,S,Q,F,V,D,H,Y,E,W,,,5,5,10,E,W,V,D,15,False,0
1827,V,P,V,E,W,I,V,H,G,H,,,3,7,10,V,H,V,E,15,True,0
1828,I,P,Q,P,L,Q,C,V,L,Q,,,4,6,10,I,Q,P,L,0,True,0
1829,A,P,K,R,I,I,P,H,L,P,,,3,7,10,A,P,K,R,0,True,0
1830,V,K,E,I,L,Q,N,A,F,R,,,4,6,10,V,R,I,L,19,False,0
1831,F,R,K,E,K,D,D,K,W,R,,,9,1,10,F,R,W,R,17,True,0
1832,Y,T,G,W,R,N,G,K,F,P,,,6,4,10,Y,P,N,G,5,True,0
1833,S,K,M,V,S,E,N,A,W,Q,,,6,4,10,S,Q,E,N,19,True,0
1834,E,E,E,L,G,A,G,A,T,L,,,4,6,10,E,L,L,G,20,True,0
1835,P,A,S,G,L,M,T,A,A,G,,,5,5,10,P,G,L,M,17,False,0
1836,V,D,T,N,T,I,S,Q,I,N,,,9,1,10,V,N,I,N,24,False,0
1837,E,L,Y,S,L,L,G,F,L,R,,,4,6,10,E,R,S,L,8,False,0
1838,L,H,D,K,S,S,R,L,R,L,,,8,2,10,L,L,L,R,22,False,0
1839,I,D,L,K,G,S,L,V,K,D,,,2,8,10,I,D,D,L,14,False,0
1840,F,N,I,E,D,G,H,V,L,P,,,4,6,10,F,P,E,D,0,False,0
1841,N,F,M,M,D,W,N,R,K,R,,,3,7,10,N,R,M,M,4,True,0
1842,A,A,S,G,P,G,R,P,L,P,,,3,7,10,A,P,S,G,20,False,0
1843,T,L,R,G,V,N,T,D,H,P,,,8,2,10,T,P,D,H,23,False,0
1844,V,T,V,R,F,R,V,A,H,L,,,8,2,10,V,L,A,H,3,True,0
1845,A,Q,S,S,K,S,K,P,L,T,,,5,5,10,A,T,K,S,14,True,0
1846,D,Y,F,G,G,L,P,P,Q,M,,,8,2,10,D,M,P,Q,0,True,0
1847,V,K,G,D,D,V,D,L,H,L,,,4,6,10,V,L,D,D,4,True,0
1848,E,Q,G,R,G,W,G,T,R,G,,,2,8,10,E,G,Q,G,9,False,0
1849,G,N,E,G,D,E,R,F,G,N,,,5,5,10,G,N,D,E,25,True,0
1850,S,N,V,T,D,L,T,T,S,W,,,1,9,10,S,W,S,N,25,False,0
1851,E,P,D,P,F,E,F,I,D,A,,,7,3,10,E,A,F,I,9,True,0
1852,A,S,H,I,F,R,A,V,M,G,,,3,7,10,A,G,H,I,14,True,0
1853,D,E,A,Q,A,R,E,P,K,K,,,7,3,10,D,K,E,P,15,True,0
1854,P,L,P,Y,L,W,K,T,G,P,,,3,7,10,P,P,P,Y,25,False,0
1855,L,E,E,L,H,S,Q,P,F,R,,,8,2,10,L,R,P,F,13,False,0
1856,T,D,T,I,R,K,E,S,V,Q,,,7,3,10,T,Q,E,S,24,True,0
1857,L,L,P,M,S,C,S,S,C,P,,,9,1,10,L,P,C,P,7,True,0
1858,D,A,D,I,G,S,N,G,E,S,,,9,1,10,D,S,E,S,21,False,0
1859,P,P,D,V,Y,E,R,C,E,K,,,3,7,10,P,K,D,V,6,False,0
1860,S,E,P,V,Q,L,T,P,D,D,,,2,8,10,S,D,E,P,0,False,0
1861,H,L,E,D,A,R,E,R,M,R,,,2,8,10,H,R,L,E,22,True,0
1862,C,D,G,K,L,L,A,I,D,G,,,5,5,10,C,G,L,L,8,True,0
1863,P,D,K,G,L,P,G,A,S,E,,,7,3,10,P,E,G,A,0,True,0
1864,A,L,C,I,H,E,N,C,H,D,,,1,9,10,A,D,A,L,24,False,0
1865,L,K,P,L,N,P,P,Q,E,L,,,9,1,10,L,L,E,L,16,True,0
1866,M,V,E,L,E,T,Q,Y,Q,Y,,,3,7,10,M,Y,E,L,2,False,0
1867,G,G,Q,F,D,H,W,A,A,Q,,,2,8,10,G,Q,G,Q,15,False,0
1868,A,K,S,A,K,L,I,Q,N,T,,,8,2,10,A,T,Q,N,7,False,0
1869,P,P,S,L,P,S,E,N,I,W,,,6,4,10,P,W,S,E,7,True,0
1870,K,P,N,L,H,S,N,S,L,E,,,1,9,10,K,E,K,P,19,False,0
1871,D,W,S,F,L,G,Q,L,P,N,,,3,7,10,D,N,S,F,13,False,0
1872,R,P,R,R,S,H,G,D,R,C,,,3,7,10,R,C,R,R,8,True,0
1873,K,G,K,A,F,N,R,S,S,T,,,1,9,10,K,T,K,G,4,True,0
1874,A,T,K,G,Q,V,A,R,P,V,,,8,2,10,A,V,R,P,1,False,0
1875,L,F,R,H,F,T,G,N,S,T,,,3,7,10,L,T,R,H,3,False,0
1876,L,P,H,P,L,F,A,S,Q,Q,,,1,9,10,L,Q,L,P,9,True,0
1877,N,A,A,K,Y,Y,F,M,S,V,,,3,7,10,N,V,A,K,0,True,0
1878,I,E,D,N,K,E,A,R,T,G,,,6,4,10,I,G,E,A,24,True,0
1879,L,E,E,V,E,K,C,S,D,G,,,4,6,10,L,G,V,E,18,True,0
1880,L,G,N,T,P,L,T,D,R,C,,,5,5,10,L,C,P,L,6,False,0
1881,C,D,G,L,S,A,F,T,Q,A,,,2,8,10,C,A,D,G,17,False,0
1882,S,V,L,T,Y,T,G,Y,I,A,,,2,8,10,S,A,V,L,2,False,0
1883,G,Q,K,G,P,R,G,G,L,G,,,7,3,10,G,G,G,G,6,True,0
1884,A,L,D,N,D,M,F,A,Q,T,,,4,6,10,A,T,N,D,25,True,0
1885,S,Q,E,E,A,G,P,K,V,R,,,5,5,10,S,R,A,G,9,True,0
1886,K,D,S,G,C,E,G,A,A,D,,,1,9,10,K,D,K,D,3,False,0
1887,V,F,P,C,W,D,E,R,A,I,,,1,9,10,V,I,V,F,16,False,0
1888,F,F,Y,K,N,K,R,L,S,G,,,2,8,10,F,G,F,Y,12,False,0
1889,P,T,P,M,F,P,S,S,S,G,,,4,6,10,P,G,M,F,23,False,0
1890,A,Y,I,G,F,L,G,Y,F,I,,,5,5,10,A,I,F,L,25,False,0
1891,L,D,I,A,S,I,I,A,L,T,,,6,4,10,L,T,I,I,0,True,0
1892,G,L,V,Y,S,G,M,G,P,S,,,9,1,10,G,S,P,S,18,True,0
1893,N,E,L,S,E,E,V,R,P,N,,,3,7,10,N,N,L,S,25,True,0
1894,D,L,V,Q,K,L,I,E,H,G,,,3,7,10,D,G,V,Q,5,True,0
1895,Q,M,E,K,D,R,Q,T,E,Q,,,6,4,10,Q,Q,R,Q,7,False,0
1896,V,H,V,Q,Q,K,A,A,A,L,,,6,4,10,V,L,K,A,13,True,0
1897,E,K,E,E,L,E,R,V,K,M,,,2,8,10,E,M,K,E,14,True,0
1898,I,R,G,A,G,L,G,L,G,L,,,8,2,10,I,L,L,G,21,True,0
1899,V,L,R,D,Q,R,A,I,S,P,,,6,4,10,V,P,R,A,25,False,0
1900,R,I,N,R,T,H,N,D,L,P,,,4,6,10,R,P,R,T,10,False,0
1901,F,T,F,R,K,S,N,S,L,F,,,9,1,10,F,F,L,F,2,False,0
1902,A,G,K,L,E,L,A,Q,E,L,,,1,9,10,A,L,A,G,12,False,0
1903,N,W,N,D,S,I,P,E,S,V,,,1,9,10,N,V,N,W,14,True,0
1904,S,S,T,Q,Q,K,R,R,N,C,,,2,8,10,S,C,S,T,0,True,0
1905,P,T,M,R,L,V,L,V,D,E,,,4,6,10,P,E,R,L,13,False,0
1906,N,S,V,G,F,D,M,N,G,S,,,4,6,10,N,S,G,F,23,True,0
1907,S,R,Q,G,S,P,G,T,Y,G,,,4,6,10,S,G,G,S,24,True,0
1908,R,H,T,R,L,K,L,K,E,A,,,4,6,10,R,A,R,L,13,False,0
1909,V,P,K,L,I,E,V,K,R,F,,,5,5,10,V,F,I,E,7,False,0
1910,I,G,E,I,V,A,E,L,R,A,,,7,3,10,I,A,E,L,18,False,0
1911,Y,V,F,D,V,G,C,I,H,L,,,7,3,10,Y,L,C,I,18,True,0
1912,T,D,F,F,F,F,V,G,M,G,,,2,8,10,T,G,D,F,16,False,0
1913,P,D,A,H,D,R,R,A,S,S,,,5,5,10,P,S,D,R,5,False,0
1914,R,S,C,Q,S,P,A,R,N,G,,,9,1,10,R,G,N,G,7,True,0
1915,L,L,G,M,E,D,V,D,I,D,,,6,4,10,L,D,D,V,17,False,0
1916,G,D,L,I,E,I,F,R,I,P,,,9,1,10,G,P,I,P,4,True,0
1917,A,L,G,L,P,G,A,T,A,S,,,7,3,10,A,S,A,T,10,False,0
1918,R,R,G,F,I,R,F,L,N,D,,,8,2,10,R,D,L,N,7,True,0
1919,M,K,K,Y,A,D,E,K,S,S,,,9,1,10,M,S,S,S,18,True,0
1920,N,V,S,G,V,L,D,I,N,D,,,4,6,10,N,D,G,V,5,False,0
1921,Q,E,E,K,I,D,Q,E,R,L,,,2,8,10,Q,L,E,E,1,False,0
1922,K,K,L,N,G,E,K,I,E,S,,,9,1,10,K,S,E,S,18,True,0
1923,L,S,L,S,C,K,K,E,K,G,,,9,1,10,L,G,K,G,23,True,0
1924,V,E,A,S,M,P,E,H,V,L,,,3,7,10,V,L,A,S,21,True,0
1925,K,P,I,S,F,E,G,G,S,H,,,6,4,10,K,H,E,G,11,False,0
1926,S,I,R,T,L,L,C,V,F,Y,,,4,6,10,S,Y,T,L,1,True,0
1927,H,G,S,G,Q,A,P,L,A,Q,,,1,9,10,H,Q,H,G,12,False,0
1928,G,S,Q,N,T,W,V,P,C,G,,,5,5,10,G,G,T,W,11,True,0
1929,S,W,R,N,E,W,L,S,G,R,,,8,2,10,S,R,S,G,17,True,0
1930,E,P,K,K,K,G,S,N,T,D,,,3,7,10,E,D,K,K,6,False,0
1931,C,S,K,D,V,R,N,F,K,A,,,2,8,10,C,A,S,K,1,False,0
1932,S,C,V,E,K,S,V,S,G,L,,,8,2,10,S,L,S,G,13,True,0
1933,L,I,L,A,L,I,V,T,G,I,,,9,1,10,L,I,G,I,5,False,0
1934,G,L,E,L,L,L,R,L,K,H,,,1,9,10,G,H,G,L,9,True,0
1935,G,V,E,E,R,E,D,P,S,T,,,4,6,10,G,T,E,R,2,True,0
1936,I,L,Y,A,E,G,C,E,A,L,,,1,9,10,I,L,I,L,7,True,0
1937,P,L,S,R,M,V,S,N,I,Q,,,8,2,10,P,Q,N,I,4,False,0
1938,V,L,S,G,Q,E,G,Q,T,S,,,4,6,10,V,S,G,Q,4,False,0
1939,K,F,I,G,S,A,G,V,E,F,,,5,5,10,K,F,S,A,2,True,0
1940,T,E,E,W,E,W,L,N,P,A,,,1,9,10,T,A,T,E,10,False,0
1941,E,D,V,V,D,C,V,V,I,K,,,8,2,10,E,K,V,I,6,False,0
1942,P,T,G,P,L,P,R,S,G,P,,,8,2,10,P,P,S,G,16,True,0
1943,C,T,M,H,R,S,K,R,S,L,,,3,7,10,C,L,M,H,18,False,0
1944,V,L,R,Q,K,Q,D,A,L,K,,,8,2,10,V,K,A,L,21,False,0
1945,T,F,L,T,T,D,G,A,H,K,,,3,7,10,T,K,L,T,0,True,0
1946,P,G,N,A,R,E,R,D,R,T,,,2,8,10,P,T,G,N,9,False,0
1947,E,L,S,V,T,D,A,S,I,L,,,4,6,10,E,L,V,T,5,True,0
1948,A,C,A,I,V,T,W,F,V,Y,,,8,2,10,A,Y,F,V,20,False,0
1949,L,K,D,R,L,R,V,D,S,T,,,5,5,10,L,T,L,R,20,False,0
1950,H,D,I,N,D,N,E,P,F,V,,,8,2,10,H,V,P,F,3,True,0
1951,S,E,Y,C,M,S,Q,P,P,P,,,9,1,10,S,P,P,P,8,True,0
1952,I,M,L,E,A,V,V,I,R,G,,,5,5,10,I,G,A,V,3,True,0
1953,P,G,P,Y,G,G,Q,E,L,S,,,5,5,10,P,S,G,G,4,False,0
1954,E,I,V,E,H,V,I,H,L,S,,,8,2,10,E,S,H,L,9,False,0
1955,L,V,L,R,R,L,Y,P,V,R,,,8,2,10,L,R,P,V,24,True,0
1956,P,E,E,N,R,A,D,S,Q,E,,,8,2,10,P,E,S,Q,18,False,0
1957,I,L,S,Q,T,Y,L,E,V,I,,,1,9,10,I,I,I,L,13,False,0
1958,T,Y,S,L,T,A,A,H,C,F,,,3,7,10,T,F,S,L,1,True,0
1959,H,C,R,H,F,K,A,M,R,H,,,8,2,10,H,H,M,R,8,True,0
1960,G,Q,P,S,V,G,F,S,E,T,,,2,8,10,G,T,Q,P,21,True,0
1961,D,F,D,H,A,L,E,D,E,L,,,3,7,10,D,L,D,H,19,True,0
1962,N,R,W,L,Q,S,T,N,R,V,,,8,2,10,N,V,N,R,18,True,0
1963,T,C,D,G,E,N,D,C,G,D,,,1,9,10,T,D,T,C,22,True,0
1964,R,D,K,D,T,G,K,T,V,E,,,2,8,10,R,E,D,K,21,True,0
1965,A,S,P,E,G,S,E,T,A,R,,,6,4,10,A,R,S,E,15,False,0
1966,L,L,A,A,E,T,A,G,S,L,,,3,7,10,L,L,A,A,17,False,0
1967,I,S,I,S,I,G,H,L,L,R,,,4,6,10,I,R,S,I,1,True,0
1968,L,K,N,Q,V,H,S,Q,A,V,,,7,3,10,L,V,S,Q,19,False,0
1969,K,V,D,G,P,R,V,M,V,I,,,3,7,10,K,I,D,G,3,True,0
1970,L,E,G,Q,Q,L,A,A,D,I,,,4,6,10,L,I,Q,Q,4,False,0
1971,L,R,S,V,G,A,P,G,P,P,,,7,3,10,L,P,P,G,18,True,0
1972,L,A,L,Q,K,K,Y,S,Q,E,,,8,2,10,L,E,S,Q,19,True,0
1973,F,L,L,P,I,C,L,F,M,Q,,,6,4,10,F,Q,C,L,22,False,0
1974,Q,Q,D,K,S,V,S,F,F,A,,,1,9,10,Q,A,Q,Q,3,False,0
1975,R,Q,K,S,H,S,L,K,K,K,,,8,2,10,R,K,K,K,24,False,0
1976,G,Y,Q,G,F,E,K,L,F,E,,,5,5,10,G,E,F,E,11,False,0
1977,R,T,T,S,H,G,R,V,G,A,,,9,1,10,R,A,G,A,3,False,0
1978,F,M,Y,M,D,K,M,A,S,V,,,4,6,10,F,V,M,D,10,False,0
1979,M,P,S,P,L,N,V,F,E,M,,,1,9,10,M,M,M,P,13,False,0
1980,L,V,L,V,R,R,R,R,G,A,,,4,6,10,L,A,V,R,2,False,0
1981,Q,L,T,K,C,E,E,C,G,K,,,3,7,10,Q,K,T,K,6,True,0
1982,E,G,D,L,P,K,S,D,I,P,,,7,3,10,E,P,S,D,25,False,0
1983,S,K,T,K,R,K,G,R,G,I,,,8,2,10,S,I,R,G,18,False,0
1984,A,L,S,L,K,Q,S,E,E,N,,,1,9,10,A,N,A,L,16,False,0
1985,V,R,T,A,P,L,N,G,F,V,,,7,3,10,V,V,N,G,15,True,0
1986,P,T,H,L,L,A,H,P,A,C,,,3,7,10,P,C,H,L,19,True,0
1987,V,A,A,I,N,G,S,I,V,E,,,7,3,10,V,E,S,I,9,True,0
1988,D,P,A,V,Y,Q,L,L,F,T,,,7,3,10,D,T,L,L,11,False,0
1989,L,A,L,K,L,L,P,Y,E,Q,,,1,9,10,L,Q,L,A,2,True,0
1990,L,A,I,Y,N,C,P,V,E,N,,,7,3,10,L,N,P,V,21,True,0
1991,I,T,P,L,E,P,G,P,S,N,,,8,2,10,I,N,P,S,23,False,0
1992,A,V,V,M,D,M,S,V,Y,M,,,6,4,10,A,M,M,S,25,True,0
1993,A,D,P,N,I,A,D,R,L,Q,,,9,1,10,A,Q,L,Q,1,True,0
1994,S,F,H,V,G,S,E,L,N,I,,,6,4,10,S,I,S,E,5,True,0
1995,L,Q,D,P,N,G,L,T,E,R,,,7,3,10,L,R,L,T,4,False,0
1996,R,S,A,T,K,V,T,A,N,L,,,8,2,10,R,L,A,N,17,True,0
1997,S,L,F,S,A,S,L,K,E,Q,,,4,6,10,S,Q,S,A,2,False,0
1998,G,S,G,A,G,H,P,D,L,R,,,5,5,10,G,R,G,H,3,True,0
1999,S,S,Q,D,A,L,G,L,S,K,,,2,8,10,S,K,S,Q,0,False,0
2000,G,L,W,V,G,A,G,S,T,S,,,7,3,10,G,S,G,S,20,True,0
2001,D,L,S,L,A,A,P,G,S,M,,,5,5,10,D,M,A,A,8,True,0
2002,A,C,I,E,E,D,G,K,K,G,,,8,2,10,A,G,K,K,17,True,0
2003,G,L,Q,H,V,V,C,E,S,C,,,5,5,10,G,C,V,V,15,False,0
2004,Q,H,D,H,P,S,V,M,D,L,,,4,6,10,Q,L,H,P,14,False,0
2005,R,H,P,Q,V,H,D,Q,H,Y,,,1,9,10,R,Y,R,H,6,True,0
2006,N,V,V,A,R,Q,D,M,V,T,,,4,6,10,N,T,A,R,22,False,0
2007,R,D,E,F,T,N,N,Y,D,I,,,6,4,10,R,I,N,N,16,True,0
2008,A,Y,P,A,A,F,H,A,R,I,,,2,8,10,A,I,Y,P,6,False,0
2009,K,V,A,I,A,R,R,A,V,A,,,7,3,10,K,A,R,A,9,True,0
2010,Y,L,C,A,G,R,A,V,E,G,,,5,5,10,Y,G,G,R,3,True,0
2011,N,L,A,K,T,A,L,E,I,F,,,9,1,10,N,F,I,F,19,False,0
2012,E,K,I,M,A,Q,I,Q,R,R,,,7,3,10,E,R,I,Q,7,False,0
2013,D,N,D,T,T,G,S,K,P,T,,,3,7,10,D,T,D,T,20,True,0
2014,M,I,I,A,L,N,L,K,L,R,,,5,5,10,M,R,L,N,24,False,0
2015,V,N,G,Q,V,E,G,Q,F,V,,,4,6,10,V,V,Q,V,16,True,0
2016,E,I,E,E,E,N,R,L,R,E,,,2,8,10,E,E,I,E,24,False,0
2017,F,L,L,N,L,Y,C,T,R,V,,,5,5,10,F,V,L,Y,6,True,0
2018,D,N,M,F,A,D,G,Q,M,D,,,1,9,10,D,D,D,N,0,True,0
2019,V,G,T,E,P,S,P,P,S,P,,,6,4,10,V,P,S,P,4,False,0
2020,H,V,T,L,L,V,E,V,S,N,,,2,8,10,H,N,V,T,21,False,0
2021,I,A,H,R,D,L,S,E,E,R,,,7,3,10,I,R,S,E,9,True,0
2022,Y,K,R,K,N,K,E,I,E,P,,,8,2,10,Y,P,I,E,2,False,0
2023,F,A,S,P,T,F,S,S,L,L,,,5,5,10,F,L,T,F,0,False,0
2024,K,K,Y,Q,L,K,K,K,E,Y,,,4,6,10,K,Y,Q,L,21,True,0
2025,C,R,D,V,S,S,L,A,I,S,,,4,6,10,C,S,V,S,8,True,0
2026,T,P,S,S,E,S,P,V,I,L,,,3,7,10,T,L,S,S,11,False,0
2027,S,V,D,A,T,Y,V,V,Y,F,,,6,4,10,S,F,Y,V,17,False,0
2028,K,K,A,I,E,E,H,R,D,K,,,1,9,10,K,K,K,K,2,True,0
2029,S,S,L,L,L,Q,A,L,I,L,,,4,6,10,S,L,L,L,6,True,0
2030,H,L,P,T,Q,E,L,A,A,L,,,4,6,10,H,L,T,Q,16,True,0
2031,F,S,T,M,P,N,R,A,E,A,,,6,4,10,F,A,N,R,15,True,0
2032,G,E,K,P,Y,V,C,R,E,R,,,9,1,10,G,R,E,R,12,True,0
2033,S,T,H,F,T,F,E,E,F,R,,,1,9,10,S,R,S,T,1,True,0
2034,R,N,V,T,K,D,R,L,F,K,,,2,8,10,R,K,N,V,20,False,0
2035,L,N,P,K,A,F,V,L,T,L,,,1,9,10,L,L,L,N,5,False,0
2036,D,E,I,W,Q,S,E,P,E,D,,,9,1,10,D,D,E,D,2,False,0
2037,G,L,S,L,Q,R,M,T,T,T,,,7,3,10,G,T,M,T,3,False,0
2038,E,S,V,P,G,L,G,E,I,I,,,4,6,10,E,I,P,G,2,True,0
2039,G,E,V,Q,E,K,E,E,T,E,,,7,3,10,G,E,E,E,3,True,0
2040,K,T,R,G,T,R,T,S,R,S,,,7,3,10,K,S,T,S,21,False,0
2041,F,F,H,V,W,A,L,V,S,S,,,4,6,10,F,S,V,W,1,True,0
2042,L,L,T,Q,K,A,I,L,Q,S,,,4,6,10,L,S,Q,K,1,False,0
2043,W,Q,G,R,N,A,I,G,E,F,,,7,3,10,W,F,I,G,22,False,0
2044,K,P,E,T,P,E,K,T,T,Q,,,9,1,10,K,Q,T,Q,6,False,0
2045,E,S,D,P,M,K,D,E,T,F,,,3,7,10,E,F,D,P,6,True,0
2046,D,L,V,F,I,F,W,A,P,A,,,9,1,10,D,A,P,A,14,True,0
2047,S,E,E,V,F,D,M,T,D,R,,,8,2,10,S,R,T,D,0,True,0
2048,A,H,R,V,A,Q,A,W,E,S,,,9,1,10,A,S,E,S,23,True,0
2049,T,G,L,G,V,T,G,A,A,N,,,3,7,10,T,N,L,G,7,True,0
2050,S,V,K,F,F,G,L,D,S,N,,,9,1,10,S,N,S,N,0,False,0
2051,L,G,L,S,N,A,T,V,P,D,,,8,2,10,L,D,V,P,4,False,0
2052,K,S,G,G,H,K,T,G,K,D,,,3,7,10,K,D,G,G,15,True,0
2053,Q,Y,K,E,L,K,R,S,L,E,,,1,9,10,Q,E,Q,Y,2,False,0
2054,A,E,L,D,K,I,T,E,D,L,,,7,3,10,A,L,T,E,10,False,0
2055,I,I,N,E,A,S,Q,F,K,P,,,7,3,10,I,P,Q,F,0,False,0
2056,R,R,T,I,E,D,F,N,K,P,,,9,1,10,R,P,K,P,21,False,0
2057,S,K,I,S,S,V,E,G,K,Q,,,9,1,10,S,Q,K,Q,17,False,0
2058,L,L,L,L,C,Q,R,S,L,L,,,4,6,10,L,L,L,C,22,False,0
2059,S,L,A,P,Q,A,G,T,N,L,,,8,2,10,S,L,T,N,18,False,0
2060,G,N,F,L,Q,A,N,F,L,P,,,8,2,10,G,P,F,L,24,True,0
2061,G,K,A,F,R,S,S,H,L,T,,,4,6,10,G,T,F,R,1,False,0
2062,A,A,L,L,V,L,V,L,A,V,,,6,4,10,A,V,L,V,6,False,0
2063,D,Q,S,S,L,P,L,V,T,G,,,2,8,10,D,G,Q,S,20,False,0
2064,R,L,I,A,N,C,I,V,L,A,,,2,8,10,R,A,L,I,15,True,0
2065,S,P,V,T,F,R,E,I,L,C,,,3,7,10,S,C,V,T,11,True,0
2066,F,I,I,L,R,V,L,S,K,A,,,5,5,10,F,A,R,V,7,True,0
2067,G,M,K,Q,F,L,P,A,K,A,,,3,7,10,G,A,K,Q,0,False,0
2068,H,T,Y,L,E,F,K,P,L,L,,,2,8,10,H,L,T,Y,13,True,0
2069,E,N,Y,R,Q,C,G,F,H,G,,,5,5,10,E,G,Q,C,15,True,0
2070,G,R,G,S,R,G,A,P,V,Q,,,9,1,10,G,Q,V,Q,5,True,0
2071,I,D,K,V,T,G,C,K,G,F,,,5,5,10,I,F,T,G,22,True,0
2072,K,G,E,Y,L,Q,L,L,E,R,,,3,7,10,K,R,E,Y,16,True,0
2073,A,L,G,E,N,D,K,S,C,Q,,,7,3,10,A,Q,K,S,17,True,0
2074,K,E,A,W,Q,G,V,S,E,E,,,1,9,10,K,E,K,E,17,True,0
2075,L,K,A,V,Q,M,L,F,L,Q,,,7,3,10,L,Q,L,F,24,True,0
2076,P,L,R,L,I,G,K,E,G,R,,,2,8,10,P,R,L,R,10,False,0
2077,A,C,A,V,L,M,Q,M,K,A,,,2,8,10,A,A,C,A,11,False,0
2078,I,H,K,S,M,I,Y,T,C,S,,,8,2,10,I,S,T,C,24,False,0
2079,Y,N,Y,T,L,C,R,N,S,F,,,8,2,10,Y,F,N,S,24,False,0
2080,E,Q,D,Q,T,S,A,Q,L,T,,,9,1,10,E,T,L,T,12,True,0
2081,R,S,T,I,S,S,R,E,Y,S,,,8,2,10,R,S,E,Y,1,True,0
2082,W,T,L,T,E,H,Q,K,I,H,,,9,1,10,W,H,I,H,18,True,0
2083,A,K,G,K,D,Q,T,S,S,R,,,9,1,10,A,R,S,R,0,True,0
2084,D,V,L,E,V,I,A,T,P,G,,,4,6,10,D,G,E,V,3,True,0
2085,L,F,Q,G,S,F,V,A,P,S,,,4,6,10,L,S,G,S,1,False,0
2086,L,Q,T,Y,A,S,E,A,G,S,,,5,5,10,L,S,A,S,5,False,0
2087,W,M,C,C,H,R,S,S,L,C,,,7,3,10,W,C,S,S,17,True,0
2088,E,L,D,P,E,S,R,L,F,E,,,7,3,10,E,E,R,L,10,True,0
2089,D,F,D,L,P,S,H,T,K,I,,,2,8,10,D,I,F,D,16,True,0
2090,K,S,E,N,A,L,W,L,G,A,,,5,5,10,K,A,A,L,10,True,0
2091,K,A,S,V,K,F,S,F,A,F,,,5,5,10,K,F,K,F,2,True,0
2092,S,L,L,N,L,E,K,T,T,A,,,4,6,10,S,A,N,L,21,True,0
2093,T,F,R,L,S,L,G,L,S,R,,,2,8,10,T,R,F,R,21,True,0
2094,G,K,E,R,E,T,P,L,P,N,,,1,9,10,G,N,G,K,16,True,0
2095,L,K,N,L,L,F,Q,K,K,H,,,4,6,10,L,H,L,L,25,False,0
2096,Y,K,D,H,L,E,R,I,V,A,,,9,1,10,Y,A,V,A,2,False,0
2097,S,G,E,H,Q,R,I,H,S,G,,,3,7,10,S,G,E,H,20,False,0
2098,E,Q,R,P,S,H,S,D,S,P,,,5,5,10,E,P,S,H,25,True,0
2099,G,L,T,P,A,V,S,D,L,F,,,7,3,10,G,F,S,D,0,False,0
2100,G,L,A,Q,P,Y,P,E,S,L,,,5,5,10,G,L,P,Y,16,True,0
2101,C,V,Y,L,P,G,L,R,E,S,,,3,7,10,C,S,Y,L,10,True,0
2102,S,I,S,D,T,T,K,H,L,E,,,7,3,10,S,E,K,H,9,True,0
2103,K,N,T,C,V,K,H,S,P,P,,,3,7,10,K,P,T,C,12,True,0
2104,T,R,L,S,P,L,R,P,A,S,,,8,2,10,T,S,P,A,10,False,0
2105,Y,S,A,H,D,G,L,P,L,K,,,5,5,10,Y,K,D,G,3,True,0
2106,C,V,A,K,L,S,M,A,L,N,,,6,4,10,C,N,S,M,11,False,0
2107,V,A,V,V,L,L,L,G,R,H,,,7,3,10,V,H,L,G,8,True,0
2108,A,P,K,H,Q,I,T,E,N,E,,,3,7,10,A,E,K,H,22,True,0
2109,T,T,A,F,L,E,P,H,C,S,,,2,8,10,T,S,T,A,1,True,0
2110,G,P,R,V,Q,R,H,G,K,T,,,6,4,10,G,T,R,H,10,False,0
2111,S,T,H,M,F,R,V,A,E,E,,,1,9,10,S,E,S,T,9,False,0
2112,L,M,E,D,G,L,G,T,Y,T,,,5,5,10,L,T,G,L,11,False,0
2113,K,C,L,I,G,T,L,M,A,E,,,7,3,10,K,E,L,M,18,False,0
2114,T,V,A,A,F,P,N,T,G,N,,,8,2,10,T,N,T,G,6,True,0
2115,D,A,A,P,D,F,P,A,G,R,,,9,1,10,D,R,G,R,17,False,0
2116,S,V,I,V,L,L,V,V,P,V,,,2,8,10,S,V,V,I,23,False,0
2117,Q,R,T,C,V,E,S,T,R,I,,,2,8,10,Q,I,R,T,25,True,0
2118,K,R,S,R,K,E,M,G,I,M,,,6,4,10,K,M,E,M,23,False,0
2119,L,R,Q,E,L,L,K,D,E,A,,,5,5,10,L,A,L,L,2,True,0
2120,A,A,D,E,G,P,A,P,T,G,,,3,7,10,A,G,D,E,5,True,0
2121,S,D,L,S,R,G,S,P,Y,R,,,1,9,10,S,R,S,D,19,False,0
2122,G,E,E,A,V,A,L,V,E,Q,,,9,1,10,G,Q,E,Q,20,True,0
2123,Q,K,L,K,F,I,R,K,M,T,,,2,8,10,Q,T,K,L,18,False,0
2124,K,P,H,R,I,P,P,S,Y,V,,,2,8,10,K,V,P,H,25,False,0
2125,M,Q,E,G,I,E,E,E,F,E,,,6,4,10,M,E,E,E,11,False,0
2126,K,D,F,N,L,E,L,A,I,T,,,9,1,10,K,T,I,T,1,False,0
2127,G,L,L,D,D,L,R,S,Q,G,,,6,4,10,G,G,L,R,1,False,0
2128,E,A,R,Q,P,H,V,M,S,Q,,,2,8,10,E,Q,A,R,14,True,0
2129,Q,M,S,N,K,G,I,F,L,R,,,8,2,10,Q,R,F,L,14,False,0
2130,T,V,N,S,E,Y,L,C,E,L,,,5,5,10,T,L,E,Y,17,False,0
2131,V,S,T,T,G,S,T,E,G,S,,,5,5,10,V,S,G,S,14,True,0
2132,K,Q,I,K,Q,F,K,E,F,L,,,1,9,10,K,L,K,Q,23,True,0
2133,L,S,R,C,R,D,G,K,E,N,,,7,3,10,L,N,G,K,1,False,0
2134,S,F,R,P,S,S,K,G,E,N,,,2,8,10,S,N,F,R,22,False,0
2135,A,F,W,Q,D,A,Y,R,G,V,,,5,5,10,A,V,D,A,22,False,0
2136,K,E,L,E,S,A,R,P,R,Q,,,8,2,10,K,Q,P,R,0,True,0
2137,C,A,A,R,E,D,E,E,E,E,,,4,6,10,C,E,R,E,12,True,0
2138,S,S,S,A,S,S,A,S,S,C,,,7,3,10,S,C,A,S,12,False,0
2139,Y,V,C,Y,P,R,G,S,K,P,,,3,7,10,Y,P,C,Y,0,False,0
2140,T,A,M,Y,D,A,R,V,N,T,,,7,3,10,T,T,R,V,9,True,0
2141,E,K,M,H,A,R,L,H,G,D,,,6,4,10,E,D,R,L,6,False,0
2142,A,T,I,E,N,E,L,I,K,T,,,9,1,10,A,T,K,T,23,False,0
2143,E,N,G,H,C,M,D,R,C,R,,,7,3,10,E,R,D,R,25,False,0
2144,T,K,E,P,A,K,N,K,Q,T,,,1,9,10,T,T,T,K,21,True,0
2145,H,S,K,E,E,C,S,K,A,E,,,6,4,10,H,E,C,S,8,True,0
2146,R,G,Q,S,P,G,A,Y,A,S,,,7,3,10,R,S,A,Y,4,False,0
2147,V,A,I,T,R,A,K,H,K,L,,,9,1,10,V,L,K,L,1,True,0
2148,T,T,R,G,R,S,T,G,K,G,,,2,8,10,T,G,T,R,25,True,0
2149,A,R,A,L,M,G,S,K,Q,G,,,1,9,10,A,G,A,R,20,False,0
2150,E,K,G,N,I,K,W,N,D,P,,,8,2,10,E,P,N,D,24,True,0
2151,W,G,W,L,A,P,P,T,S,Q,,,3,7,10,W,Q,W,L,4,True,0
2152,I,Q,R,L,N,A,D,V,L,K,,,1,9,10,I,K,I,Q,22,True,0
2153,R,R,E,M,D,K,L,E,L,S,,,6,4,10,R,S,K,L,4,False,0
2154,V,H,R,K,M,M,R,T,L,F,,,8,2,10,V,F,T,L,13,False,0
2155,A,L,R,R,G,G,C,G,S,P,,,8,2,10,A,P,G,S,20,True,0
2156,Y,R,D,A,L,A,G,N,V,L,,,9,1,10,Y,L,V,L,0,True,0
2157,Q,E,F,E,A,V,E,V,G,T,,,6,4,10,Q,T,V,E,18,False,0
2158,C,G,A,G,G,T,E,A,N,V,,,4,6,10,C,V,G,G,18,True,0
2159,E,E,V,G,S,R,P,C,V,S,,,1,9,10,E,S,E,E,4,True,0
2160,L,R,R,I,E,P,P,R,L,I,,,4,6,10,L,I,I,E,14,False,0
2161,G,T,F,H,K,Y,V,E,S,A,,,7,3,10,G,A,V,E,22,True,0
2162,D,V,L,H,Q,S,L,D,N,S,,,5,5,10,D,S,Q,S,12,True,0
2163,S,T,A,S,Q,H,L,E,I,P,,,6,4,10,S,P,H,L,10,False,0
2164,S,T,Y,D,S,D,G,S,V,I,,,3,7,10,S,I,Y,D,13,False,0
2165,P,V,G,P,D,P,D,D,P,S,,,3,7,10,P,S,G,P,2,True,0
2166,L,H,T,Q,E,K,A,V,H,R,,,7,3,10,L,R,A,V,17,False,0
2167,H,H,I,V,A,K,F,F,A,D,,,5,5,10,H,D,A,K,8,False,0
2168,V,R,H,R,L,V,L,T,Q,E,,,2,8,10,V,E,R,H,17,True,0
2169,A,V,I,L,Q,N,E,K,D,Q,,,3,7,10,A,Q,I,L,1,False,0
2170,R,L,R,K,Q,M,A,V,D,F,,,8,2,10,R,F,V,D,19,False,0
2171,L,P,V,E,C,R,V,G,Q,Y,,,3,7,10,L,Y,V,E,11,True,0
2172,L,A,R,A,L,A,A,P,R,S,,,3,7,10,L,S,R,A,2,True,0
2173,G,R,A,A,D,E,E,S,L,E,,,1,9,10,G,E,G,R,2,True,0
2174,S,E,S,T,T,F,I,H,L,C,,,5,5,10,S,C,T,F,0,True,0
2175,F,S,L,V,S,M,L,A,I,Q,,,5,5,10,F,Q,S,M,9,False,0
2176,R,Q,E,C,M,E,E,K,S,F,,,1,9,10,R,F,R,Q,2,True,0
2177,L,L,R,G,T,P,K,L,D,K,,,4,6,10,L,K,G,T,9,False,0
2178,P,Q,G,L,E,E,V,T,T,T,,,5,5,10,P,T,E,E,21,True,0
2179,W,Q,H,S,P,P,K,E,F,L,,,5,5,10,W,L,P,P,0,False,0
2180,G,G,T,S,V,T,E,K,T,L,,,8,2,10,G,L,K,T,15,True,0
2181,K,N,E,L,D,Q,C,T,Q,E,,,7,3,10,K,E,C,T,7,False,0
2182,E,V,V,T,L,W,Y,L,I,N,,,7,3,10,E,N,Y,L,25,True,0
2183,A,L,A,E,R,C,L,A,I,E,,,8,2,10,A,E,A,I,11,True,0
2184,G,S,G,L,L,E,Y,V,T,L,,,3,7,10,G,L,G,L,11,True,0
2185,S,S,G,S,H,N,C,L,L,T,,,5,5,10,S,T,H,N,19,True,0
2186,A,A,P,Q,C,T,K,S,F,S,,,3,7,10,A,S,P,Q,19,False,0
2187,Q,S,T,F,D,E,L,D,I,F,,,4,6,10,Q,F,F,D,17,True,0
2188,G,T,D,V,G,Y,R,H,I,D,,,2,8,10,G,D,T,D,16,False,0
2189,Q,S,L,N,M,A,A,V,E,I,,,8,2,10,Q,I,V,E,13,False,0
2190,F,S,D,L,A,R,H,Q,R,S,,,2,8,10,F,S,S,D,15,True,0
2191,G,Q,L,G,L,S,L,Q,I,P,,,5,5,10,G,P,L,S,24,False,0
2192,Y,I,N,R,V,Y,E,G,L,K,,,4,6,10,Y,K,R,V,23,False,0
2193,R,F,F,G,A,L,R,S,V,R,,,1,9,10,R,R,R,F,2,True,0
2194,G,S,K,S,A,T,P,S,P,P,,,9,1,10,G,P,P,P,1,True,0
2195,E,T,L,S,S,T,C,S,A,H,,,3,7,10,E,H,L,S,21,True,0
2196,G,C,S,V,K,E,V,L,A,G,,,8,2,10,G,G,L,A,16,True,0
2197,D,S,L,L,E,P,F,W,F,D,,,8,2,10,D,D,W,F,13,False,0
2198,D,K,K,S,S,D,M,Y,Q,A,,,3,7,10,D,A,K,S,13,False,0
2199,A,D,R,A,A,G,C,L,F,Q,,,5,5,10,A,Q,A,G,21,True,0
2200,R,K,N,C,N,K,N,Y,H,F,,,1,9,10,R,F,R,K,15,True,0
2201,S,R,E,L,N,I,T,I,I,M,,,1,9,10,S,M,S,R,0,True,0
2202,L,L,A,Q,Q,L,V,S,P,E,,,9,1,10,L,E,P,E,23,False,0
2203,L,E,R,R,V,D,F,E,T,F,,,2,8,10,L,F,E,R,19,True,0
2204,N,D,F,E,G,C,S,S,V,C,,,6,4,10,N,C,C,S,20,True,0
2205,V,S,F,K,L,E,E,D,D,M,,,7,3,10,V,M,E,D,11,False,0
2206,D,S,L,Q,Q,L,S,D,L,E,,,6,4,10,D,E,L,S,25,False,0
2207,T,S,Q,I,C,L,L,Y,T,F,,,7,3,10,T,F,L,Y,23,True,0
2208,C,G,L,D,P,N,C,N,V,V,,,4,6,10,C,V,D,P,21,True,0
2209,Y,A,L,Q,V,S,Q,K,G,E,,,5,5,10,Y,E,V,S,23,True,0
2210,E,R,Q,H,D,L,G,A,M,S,,,9,1,10,E,S,M,S,18,True,0
2211,G,R,P,A,V,Q,L,L,I,G,,,6,4,10,G,G,Q,L,12,True,0
2212,L,F,S,G,S,R,K,S,P,H,,,5,5,10,L,H,S,R,21,False,0
2213,G,R,K,T,F,T,A,W,S,D,,,3,7,10,G,D,K,T,1,False,0
2214,L,S,F,F,N,L,H,N,R,T,,,5,5,10,L,T,N,L,23,True,0
2215,G,T,A,R,I,T,C,L,S,S,,,8,2,10,G,S,L,S,7,False,0
2216,C,D,F,M,S,P,V,V,T,A,,,4,6,10,C,A,M,S,20,False,0
2217,V,V,T,Q,P,F,P,Q,L,A,,,3,7,10,V,A,T,Q,21,True,0
2218,S,P,V,Y,S,S,G,N,T,S,,,4,6,10,S,S,Y,S,12,True,0
2219,T,T,C,V,P,S,P,C,V,P,,,5,5,10,T,P,P,S,0,False,0
2220,I,A,G,K,I,A,T,K,K,L,,,5,5,10,I,L,I,A,16,True,0
2221,S,T,R,Y,S,T,Q,V,Y,S,,,8,2,10,S,S,V,Y,7,False,0
2222,L,I,S,L,Y,F,N,T,R,S,,,6,4,10,L,S,F,N,20,False,0
2223,E,L,A,Q,F,Y,L,A,I,H,,,6,4,10,E,H,Y,L,5,False,0
2224,G,C,P,M,V,Y,G,M,C,E,,,5,5,10,G,E,V,Y,14,False,0
2225,S,F,Q,V,I,E,S,L,Y,V,,,9,1,10,S,V,Y,V,13,True,0
2226,H,N,K,L,R,T,I,S,K,E,,,8,2,10,H,E,S,K,15,False,0
2227,G,A,E,G,R,A,Q,D,R,L,,,8,2,10,G,L,D,R,6,True,0
2228,L,H,Q,I,P,A,I,R,N,V,,,4,6,10,L,V,I,P,5,False,0
2229,T,E,C,V,L,L,A,V,M,I,,,9,1,10,T,I,M,I,16,False,0
2230,L,T,S,L,R,P,Y,N,Q,R,,,4,6,10,L,R,L,R,3,False,0
2231,S,C,A,A,E,H,D,L,H,Q,,,1,9,10,S,Q,S,C,23,False,0
2232,N,P,N,G,K,E,G,D,E,E,,,4,6,10,N,E,G,K,1,True,0
2233,H,A,C,V,S,R,D,L,W,N,,,9,1,10,H,N,W,N,13,True,0
2234,G,N,P,Y,L,D,L,Q,A,L,,,6,4,10,G,L,D,L,4,False,0
2235,T,G,S,S,R,I,T,L,A,L,,,3,7,10,T,L,S,S,7,False,0
2236,T,Q,K,N,L,I,S,E,C,H,,,7,3,10,T,H,S,E,3,True,0
2237,E,T,K,H,T,E,C,Q,L,C,,,6,4,10,E,C,E,C,2,True,0
2238,D,A,P,L,P,Y,W,T,F,E,,,8,2,10,D,E,T,F,2,False,0
2239,L,L,R,R,L,N,S,A,G,S,,,5,5,10,L,S,L,N,4,True,0
2240,R,I,R,L,Q,H,I,K,F,N,,,6,4,10,R,N,H,I,24,False,0
2241,F,Q,K,L,R,F,Q,K,T,R,,,7,3,10,F,R,Q,K,8,True,0
2242,E,M,E,K,E,K,E,Q,A,A,,,4,6,10,E,A,K,E,16,True,0
2243,R,F,P,R,P,P,R,P,R,P,,,7,3,10,R,P,R,P,15,False,0
2244,Q,A,A,P,A,L,S,H,P,Q,,,5,5,10,Q,Q,A,L,24,False,0
2245,V,T,F,S,T,L,T,M,E,S,,,2,8,10,V,S,T,F,15,True,0
2246,S,Y,S,T,P,M,E,L,K,T,,,9,1,10,S,T,K,T,16,True,0
2247,N,T,G,D,P,F,L,G,R,I,,,5,5,10,N,I,P,F,22,False,0
2248,S,F,L,V,S,D,P,E,N,T,,,2,8,10,S,T,F,L,0,False,0
2249,S,G,S,N,R,R,E,R,P,H,,,8,2,10,S,H,R,P,12,False,0
2250,N,K,L,L,L,R,A,T,S,L,,,2,8,10,N,L,K,L,8,False,0
2251,P,P,P,P,G,Q,P,A,L,E,,,8,2,10,P,E,A,L,16,False,0
2252,L,E,L,S,W,F,P,D,I,S,,,8,2,10,L,S,D,I,22,False,0
2253,N,V,L,N,S,I,T,E,E,V,,,1,9,10,N,V,N,V,10,False,0
2254,L,Q,N,H,M,L,D,L,R,W,,,9,1,10,L,W,R,W,16,True,0
2255,A,A,E,N,I,L,K,P,L,S,,,6,4,10,A,S,L,K,23,False,0
2256,S,G,E,E,D,R,H,L,Q,A,,,5,5,10,S,A,D,R,15,True,0
2257,V,L,I,S,Q,V,I,E,Q,L,,,2,8,10,V,L,L,I,8,True,0
2258,V,C,F,S,S,P,E,E,A,G,,,9,1,10,V,G,A,G,8,False,0
2259,A,A,Q,P,H,T,E,I,T,A,,,8,2,10,A,A,I,T,17,True,0
2260,P,H,V,P,E,F,T,T,P,T,,,7,3,10,P,T,T,T,2,True,0
2261,L,R,K,L,S,P,P,Q,K,K,,,1,9,10,L,K,L,R,7,True,0
2262,E,T,V,L,F,K,F,L,R,S,,,3,7,10,E,S,V,L,9,False,0
2263,Q,S,P,R,P,S,P,S,Y,P,,,8,2,10,Q,P,S,Y,23,True,0
2264,P,A,L,A,Q,P,K,I,P,I,,,7,3,10,P,I,K,I,15,False,0
2265,Q,T,C,H,L,H,H,G,G,H,,,3,7,10,Q,H,C,H,14,False,0
2266,Q,M,P,G,S,S,F,A,P,L,,,8,2,10,Q,L,A,P,23,True,0
2267,T,V,G,G,V,C,T,G,L,L,,,9,1,10,T,L,L,L,24,True,0
2268,E,F,K,S,G,E,L,V,A,V,,,2,8,10,E,V,F,K,17,True,0
2269,D,T,G,D,T,A,L,G,G,A,,,8,2,10,D,A,G,G,16,True,0
2270,A,S,L,S,S,L,S,A,S,P,,,3,7,10,A,P,L,S,6,True,0
2271,A,G,S,R,G,E,R,G,L,P,,,1,9,10,A,P,A,G,2,True,0
2272,R,L,F,S,E,L,S,D,V,P,,,5,5,10,R,P,E,L,3,False,0
2273,S,P,N,E,E,T,E,E,I,V,,,3,7,10,S,V,N,E,1,True,0
2274,V,S,A,L,V,D,I,Q,L,T,,,6,4,10,V,T,D,I,3,True,0
2275,P,A,P,D,K,V,P,G,N,S,,,6,4,10,P,S,V,P,15,False,0
2276,S,T,T,P,S,K,S,P,S,L,,,3,7,10,S,L,T,P,16,False,0
2277,T,H,A,D,S,Q,T,F,S,G,,,7,3,10,T,G,T,F,9,False,0
2278,E,L,S,N,Q,D,R,K,Y,S,,,1,9,10,E,S,E,L,20,False,0
2279,Q,Q,Y,Q,Q,A,D,A,P,V,,,8,2,10,Q,V,A,P,18,False,0
2280,N,K,A,L,E,S,R,E,D,V,,,5,5,10,N,V,E,S,3,True,0
2281,Y,V,F,R,I,I,Y,E,F,V,,,7,3,10,Y,V,Y,E,5,False,0
2282,F,L,A,R,V,S,A,E,N,L,,,3,7,10,F,L,A,R,24,False,0
2283,T,N,T,S,V,T,S,V,V,G,,,4,6,10,T,G,S,V,23,False,0
2284,S,Q,L,K,M,H,E,R,T,Q,,,9,1,10,S,Q,T,Q,24,True,0
2285,S,S,S,S,P,A,L,V,S,S,,,4,6,10,S,S,S,P,16,True,0
2286,L,Q,L,V,D,L,R,N,V,I,,,5,5,10,L,I,D,L,17,True,0
2287,D,T,E,E,F,D,E,S,S,K,,,3,7,10,D,K,E,E,12,True,0
2288,G,Y,C,C,A,E,L,L,W,G,,,2,8,10,G,G,Y,C,15,True,0
2289,G,F,L,S,D,R,W,M,L,Q,,,1,9,10,G,Q,G,F,24,True,0
2290,F,T,L,L,E,E,Q,A,L,E,,,7,3,10,F,E,Q,A,12,True,0
2291,K,G,K,M,A,G,V,T,L,E,,,2,8,10,K,E,G,K,17,True,0
2292,L,E,I,P,I,G,R,I,R,T,,,5,5,10,L,T,I,G,21,False,0
2293,S,D,N,H,E,E,D,Y,F,L,,,2,8,10,S,L,D,N,4,True,0
2294,A,M,P,L,F,H,S,V,T,D,,,3,7,10,A,D,P,L,6,True,0
2295,I,R,S,R,W,K,L,S,Q,I,,,3,7,10,I,I,S,R,10,True,0
2296,S,Q,A,S,R,P,D,W,R,E,,,2,8,10,S,E,Q,A,14,True,0
2297,S,M,L,G,G,R,A,R,Q,K,,,3,7,10,S,K,L,G,4,False,0
2298,A,P,V,L,S,Y,F,A,F,L,,,3,7,10,A,L,V,L,7,False,0
2299,L,D,L,E,G,K,R,G,E,H,,,5,5,10,L,H,G,K,14,True,0
2300,D,H,T,W,V,T,D,N,C,V,,,9,1,10,D,V,C,V,8,True,0
2301,D,C,L,S,K,W,V,Y,L,M,,,7,3,10,D,M,V,Y,14,False,0
2302,A,E,K,E,P,Y,S,T,P,S,,,5,5,10,A,S,P,Y,10,False,0
2303,M,S,V,Y,T,W,F,L,S,N,,,4,6,10,M,N,Y,T,8,True,0
2304,F,D,L,D,Y,E,S,A,A,R,,,7,3,10,F,R,S,A,6,False,0
2305,A,I,T,F,N,A,P,S,K,W,,,2,8,10,A,W,I,T,15,True,0
2306,T,G,E,L,A,Q,H,L,T,L,,,9,1,10,T,L,T,L,14,False,0
2307,G,T,T,V,T,C,N,I,P,L,,,4,6,10,G,L,V,T,20,True,0
2308,C,K,S,K,D,I,R,D,K,R,,,6,4,10,C,R,I,R,11,False,0
2309,Q,N,A,V,Q,R,Y,E,A,L,,,6,4,10,Q,L,R,Y,2,False,0
2310,D,V,M,L,L,A,R,D,N,A,,,7,3,10,D,A,R,D,5,False,0
2311,L,I,L,E,E,A,Q,A,R,A,,,8,2,10,L,A,A,R,23,True,0
2312,A,R,D,L,K,Q,D,V,K,V,,,4,6,10,A,V,L,K,17,True,0
2313,D,I,T,Q,S,L,T,S,A,W,,,4,6,10,D,W,Q,S,8,False,0
2314,P,V,S,Y,V,S,G,L,V,K,,,6,4,10,P,K,S,G,24,False,0
2315,R,P,G,E,H,P,A,P,P,A,,,3,7,10,R,A,G,E,15,True,0
2316,D,E,N,E,D,D,H,S,M,G,,,6,4,10,D,G,D,H,22,True,0
2317,E,E,K,K,P,P,T,K,A,D,,,9,1,10,E,D,A,D,10,True,0
2318,T,S,P,A,P,A,P,L,V,P,,,3,7,10,T,P,P,A,23,True,0
2319,L,V,V,N,P,P,P,P,P,L,,,9,1,10,L,L,P,L,18,True,0
2320,T,K,K,V,A,K,S,A,V,K,,,8,2,10,T,K,A,V,2,False,0
2321,P,A,G,L,T,L,G,R,S,G,,,8,2,10,P,G,R,S,24,False,0
2322,V,P,V,I,E,P,P,S,S,H,,,5,5,10,V,H,E,P,9,True,0
2323,D,P,D,T,G,E,R,L,Y,V,,,4,6,10,D,V,T,G,21,False,0
2324,E,E,A,S,P,S,C,Y,K,V,,,5,5,10,E,V,P,S,17,False,0
2325,I,A,T,D,E,L,Q,K,T,E,,,3,7,10,I,E,T,D,6,True,0
2326,K,F,T,C,R,V,A,G,N,P,,,1,9,10,K,P,K,F,10,True,0
2327,H,K,K,I,H,T,G,E,P,Y,,,8,2,10,H,Y,E,P,1,False,0
2328,G,A,I,L,V,V,T,E,L,Y,,,7,3,10,G,Y,T,E,10,True,0
2329,N,L,F,I,S,G,L,S,S,V,,,3,7,10,N,V,F,I,16,True,0
2330,K,H,A,K,E,E,V,E,D,T,,,6,4,10,K,T,E,V,7,True,0
2331,Q,P,I,N,R,T,V,P,G,Q,,,8,2,10,Q,Q,P,G,12,False,0
2332,P,G,P,V,L,D,T,L,A,M,,,2,8,10,P,M,G,P,22,True,0
2333,T,L,S,F,A,S,R,T,H,L,,,9,1,10,T,L,H,L,1,False,0
2334,L,S,R,P,S,A,M,T,H,E,,,1,9,10,L,E,L,S,13,True,0
2335,N,P,A,A,D,S,G,L,R,E,,,2,8,10,N,E,P,A,11,False,0
2336,L,S,S,G,P,N,S,A,P,S,,,7,3,10,L,S,S,A,17,False,0
2337,L,Q,V,L,L,L,Q,K,Q,L,,,7,3,10,L,L,Q,K,15,False,0
2338,R,K,H,G,T,K,S,A,L,Q,,,8,2,10,R,Q,A,L,12,False,0
2339,G,L,R,I,T,P,F,S,R,Y,,,8,2,10,G,Y,S,R,25,True,0
2340,R,T,T,E,G,K,K,S,F,P,,,7,3,10,R,P,K,S,6,True,0
2341,D,L,I,D,E,A,G,R,L,E,,,6,4,10,D,E,A,G,4,False,0
2342,E,N,A,L,K,A,V,F,W,K,,,5,5,10,E,K,K,A,9,True,0
2343,K,W,E,N,D,Q,T,F,L,L,,,5,5,10,K,L,D,Q,20,True,0
2344,L,N,A,L,F,Q,L,I,P,E,,,1,9,10,L,E,L,N,13,False,0
2345,F,L,D,Q,G,T,T,P,Q,G,,,5,5,10,F,G,G,T,5,True,0
2346,F,E,I,E,V,D,T,S,E,H,,,2,8,10,F,H,E,I,22,False,0
2347,G,T,A,K,D,K,G,V,D,N,,,7,3,10,G,N,G,V,6,True,0
2348,P,Y,F,P,L,R,Y,N,P,R,,,4,6,10,P,R,P,L,8,False,0
2349,T,S,T,I,S,S,H,L,A,L,,,9,1,10,T,L,A,L,3,False,0
2350,E,L,K,L,S,A,M,R,N,L,,,3,7,10,E,L,K,L,22,True,0
2351,Y,N,E,E,Y,I,C,M,Y,C,,,2,8,10,Y,C,N,E,24,True,0
2352,C,F,R,G,M,K,V,R,Q,K,,,1,9,10,C,K,C,F,19,True,0
2353,L,L,P,G,S,V,V,Y,T,H,,,3,7,10,L,H,P,G,6,True,0
2354,C,A,V,D,T,A,T,G,D,G,,,4,6,10,C,G,D,T,9,True,0
2355,G,T,G,A,G,E,D,E,A,C,,,7,3,10,G,C,D,E,3,True,0
2356,N,G,G,G,F,F,M,E,R,I,,,5,5,10,N,I,F,F,19,False,0
2357,S,M,H,V,R,P,H,D,I,F,,,4,6,10,S,F,V,R,11,True,0
2358,C,G,T,L,P,E,G,C,D,E,,,1,9,10,C,E,C,G,3,False,0
2359,F,G,R,A,I,P,P,H,P,Y,,,2,8,10,F,Y,G,R,10,True,0
2360,L,N,P,K,I,R,V,W,H,D,,,3,7,10,L,D,P,K,24,False,0
2361,E,G,I,F,E,E,S,Q,N,E,,,7,3,10,E,E,S,Q,22,False,0
2362,L,S,E,L,F,E,K,P,Y,K,,,2,8,10,L,K,S,E,12,False,0
2363,C,V,H,T,P,H,M,A,A,T,,,9,1,10,C,T,A,T,10,False,0
2364,K,M,N,T,E,R,I,L,Y,Y,,,9,1,10,K,Y,Y,Y,10,True,0
2365,N,I,S,D,V,D,R,V,V,A,,,5,5,10,N,A,V,D,25,True,0
2366,S,G,A,R,P,V,Q,L,S,L,,,9,1,10,S,L,S,L,5,False,0
2367,R,I,L,S,T,N,H,L,L,N,,,7,3,10,R,N,H,L,25,False,0
2368,V,F,P,G,E,L,L,D,P,G,,,6,4,10,V,G,L,L,23,False,0
2369,L,E,D,P,C,H,S,G,P,C,,,8,2,10,L,C,G,P,0,False,0
2370,T,L,E,K,I,V,A,Y,S,S,,,3,7,10,T,S,E,K,5,False,0
2371,Q,P,P,R,V,D,R,Q,D,N,,,7,3,10,Q,N,R,Q,4,True,0
2372,A,M,L,E,L,T,N,G,G,G,,,6,4,10,A,G,T,N,2,True,0
2373,L,R,N,S,R,A,T,Y,Y,R,,,7,3,10,L,R,T,Y,6,False,0
2374,W,N,I,K,A,V,A,G,T,Y,,,3,7,10,W,Y,I,K,13,False,0
2375,K,I,E,E,P,E,S,V,L,L,,,3,7,10,K,L,E,E,13,True,0
2376,G,S,L,P,T,P,S,A,L,S,,,5,5,10,G,S,T,P,23,False,0
2377,L,K,K,K,A,V,M,L,W,L,,,6,4,10,L,L,V,M,25,True,0
2378,C,K,G,T,H,Y,R,G,T,W,,,3,7,10,C,W,G,T,7,False,0
2379,P,V,I,K,Q,E,G,F,S,M,,,7,3,10,P,M,G,F,22,True,0
2380,E,C,F,A,K,D,L,I,F,L,,,4,6,10,E,L,A,K,4,True,0
2381,W,D,D,I,T,A,Q,V,Y,T,,,8,2,10,W,T,V,Y,22,False,0
2382,H,V,H,Y,T,G,L,L,K,L,,,2,8,10,H,L,V,H,21,True,0
2383,E,Q,K,I,Q,I,W,Q,K,F,,,9,1,10,E,F,K,F,24,True,0
2384,D,L,E,A,A,L,L,A,L,Q,,,2,8,10,D,Q,L,E,5,False,0
2385,R,A,E,E,A,L,S,A,H,L,,,9,1,10,R,L,H,L,3,True,0
2386,S,K,L,I,P,G,D,Q,I,V,,,1,9,10,S,V,S,K,7,True,0
2387,V,G,A,I,R,A,H,N,G,L,,,9,1,10,V,L,G,L,9,False,0
2388,D,W,G,A,D,Y,I,L,F,A,,,1,9,10,D,A,D,W,2,True,0
2389,E,N,K,N,K,E,T,L,Q,Q,,,5,5,10,E,Q,K,E,15,True,0
2390,P,S,R,A,A,G,V,S,P,G,,,2,8,10,P,G,S,R,22,True,0
2391,H,E,T,K,A,L,L,N,E,R,,,8,2,10,H,R,N,E,11,False,0
2392,E,V,V,C,V,F,K,C,S,V,,,2,8,10,E,V,V,V,16,False,0
2393,I,N,K,S,S,L,A,D,Q,A,,,3,7,10,I,A,K,S,9,False,0
2394,L,Y,C,V,Q,A,G,G,F,Y,,,8,2,10,L,Y,G,F,1,True,0
2395,E,D,S,P,R,L,E,V,L,G,,,8,2,10,E,G,V,L,18,False,0
2396,Y,V,I,V,R,Y,T,T,S,T,,,7,3,10,Y,T,T,T,20,False,0
2397,S,T,P,T,G,S,P,H,L,T,,,9,1,10,S,T,L,T,1,False,0
2398,L,N,E,G,A,K,Y,F,D,A,,,4,6,10,L,A,G,A,1,False,0
2399,A,E,E,T,W,I,T,C,L,S,,,7,3,10,A,S,T,C,10,True,0
2400,W,L,K,E,D,I,D,L,F,E,,,1,9,10,W,E,W,L,2,False,0
2401,L,S,L,L,F,L,S,K,N,H,,,2,8,10,L,H,S,L,0,True,0
2402,S,L,L,F,K,L,F,S,A,F,,,6,4,10,S,F,L,F,5,False,0
2403,L,M,D,I,V,S,T,E,R,S,,,6,4,10,L,S,S,T,14,False,0
2404,G,F,N,C,E,C,Y,H,R,Y,,,5,5,10,G,Y,E,C,8,False,0
2405,A,S,I,E,Q,L,G,L,G,Y,,,9,1,10,A,Y,G,Y,2,True,0
2406,I,E,E,E,L,V,V,I,D,L,,,1,9,10,I,L,I,E,20,True,0
2407,D,K,R,Q,V,K,R,T,G,S,,,9,1,10,D,S,G,S,22,True,0
2408,N,Q,Q,T,D,W,S,F,S,I,,,8,2,10,N,I,F,S,14,True,0
2409,H,E,V,D,H,P,C,Q,K,C,,,3,7,10,H,C,V,D,20,False,0
2410,E,E,R,A,P,W,I,G,E,S,,,7,3,10,E,S,I,G,22,True,0
2411,T,G,E,K,P,F,E,C,C,K,,,8,2,10,T,K,C,C,16,True,0
2412,I,K,G,H,R,G,F,S,G,G,,,9,1,10,I,G,G,G,21,True,0
2413,D,P,Q,Q,V,L,W,T,D,G,,,4,6,10,D,G,Q,V,18,True,0
2414,R,L,L,C,T,M,L,T,S,I,,,1,9,10,R,I,R,L,10,False,0
2415,Q,Y,P,N,S,L,I,K,E,L,,,2,8,10,Q,L,Y,P,15,True,0
2416,N,G,D,V,D,K,P,S,S,G,,,7,3,10,N,G,P,S,15,False,0
2417,E,K,L,P,G,K,S,F,K,A,,,9,1,10,E,A,K,A,25,False,0
2418,R,E,A,I,L,A,I,H,V,T,,,8,2,10,R,T,H,V,22,False,0
2419,H,I,T,W,K,S,D,W,T,V,,,5,5,10,H,V,K,S,12,True,0
2420,Q,R,H,F,Q,T,L,G,Q,P,,,1,9,10,Q,P,Q,R,10,False,0
2421,L,L,A,I,L,T,L,Y,E,L,,,3,7,10,L,L,A,I,25,True,0
2422,E,E,V,I,T,Y,L,F,H,P,,,6,4,10,E,P,Y,L,11,False,0
2423,Q,S,N,R,S,T,F,K,L,A,,,5,5,10,Q,A,S,T,1,False,0
2424,M,K,D,N,I,L,S,R,K,Q,,,1,9,10,M,Q,M,K,0,True,0
2425,K,W,K,V,Q,S,M,N,C,K,,,4,6,10,K,K,V,Q,18,True,0
2426,E,R,G,M,E,N,S,I,S,S,,,9,1,10,E,S,S,S,5,True,0
2427,R,A,F,M,K,L,R,R,D,K,,,8,2,10,R,K,R,D,15,False,0
2428,G,A,S,G,L,P,H,C,S,P,,,5,5,10,G,P,L,P,1,False,0
2429,W,L,L,N,L,G,V,A,S,Y,,,3,7,10,W,Y,L,N,10,False,0
2430,G,L,I,R,L,G,I,H,S,E,,,3,7,10,G,E,I,R,3,True,0
2431,G,L,G,F,Q,D,T,E,S,E,,,7,3,10,G,E,T,E,7,False,0
2432,P,T,K,D,S,P,E,V,Y,F,,,2,8,10,P,F,T,K,22,True,0
2433,T,E,G,E,E,I,L,I,T,V,,,2,8,10,T,V,E,G,4,True,0
2434,G,K,M,P,P,P,E,R,A,H,,,9,1,10,G,H,A,H,22,True,0
2435,C,D,Y,E,N,A,E,E,N,N,,,3,7,10,C,N,Y,E,0,True,0
2436,R,P,F,Q,W,L,I,P,D,S,,,2,8,10,R,S,P,F,13,False,0
2437,I,L,L,E,Y,A,R,K,T,I,,,6,4,10,I,I,A,R,1,True,0
2438,F,A,S,R,G,W,R,E,N,N,,,1,9,10,F,N,F,A,13,True,0
2439,N,A,E,N,L,E,A,N,A,A,,,5,5,10,N,A,L,E,12,False,0
2440,P,P,I,V,A,R,F,V,L,E,,,8,2,10,P,E,V,L,0,True,0
2441,N,R,L,F,G,E,F,M,R,E,,,3,7,10,N,E,L,F,0,True,0
2442,Q,T,L,D,D,S,T,T,M,V,,,4,6,10,Q,V,D,D,7,True,0
2443,D,V,T,G,I,N,G,I,R,G,,,4,6,10,D,G,G,I,9,True,0
2444,S,Y,S,E,P,Q,S,K,H,L,,,9,1,10,S,L,H,L,25,True,0
2445,S,E,D,S,T,E,H,L,A,S,,,4,6,10,S,S,S,T,1,True,0
2446,T,D,I,L,F,G,L,L,K,E,,,9,1,10,T,E,K,E,7,True,0
2447,Y,C,S,C,Y,S,T,G,K,P,,,7,3,10,Y,P,T,G,12,True,0
2448,A,V,H,L,K,R,G,S,Y,K,,,5,5,10,A,K,K,R,2,True,0
2449,K,A,I,S,Y,S,A,V,T,P,,,5,5,10,K,P,Y,S,10,True,0
2450,R,E,N,E,R,H,A,F,T,P,,,8,2,10,R,P,F,T,9,False,0
2451,K,K,K,E,K,S,L,I,V,K,,,2,8,10,K,K,K,K,16,True,0
2452,H,N,C,I,H,R,D,V,W,Q,,,8,2,10,H,Q,V,W,10,True,0
2453,Q,H,R,R,P,T,P,S,S,M,,,6,4,10,Q,M,T,P,20,False,0
2454,V,P,G,G,G,G,G,G,V,G,,,3,7,10,V,G,G,G,0,True,0
2455,V,H,D,Q,W,E,R,N,I,K,,,4,6,10,V,K,Q,W,5,True,0
2456,L,L,R,K,L,C,S,S,S,Y,,,4,6,10,L,Y,K,L,23,False,0
2457,I,W,Q,I,N,L,H,E,L,I,,,1,9,10,I,I,I,W,8,False,0
2458,Q,N,I,H,A,Y,V,G,F,T,,,2,8,10,Q,T,N,I,5,True,0
2459,L,E,K,Q,F,Q,T,E,S,E,,,5,5,10,L,E,F,Q,24,True,0
2460,L,V,R,Q,G,D,D,R,P,D,,,7,3,10,L,D,D,R,3,False,0
2461,A,Q,E,E,I,N,L,F,T,L,,,5,5,10,A,L,I,N,3,False,0
2462,S,A,T,I,Y,D,F,S,V,Q,,,4,6,10,S,Q,I,Y,8,False,0
2463,K,T,H,T,M,T,F,N,S,I,,,6,4,10,K,I,T,F,16,False,0
2464,L,Q,C,E,E,Q,L,A,G,W,,,6,4,10,L,W,Q,L,19,False,0
2465,R,R,I,L,N,P,A,V,G,Y,,,4,6,10,R,Y,L,N,6,False,0
2466,S,T,P,L,T,R,K,E,T,S,,,8,2,10,S,S,E,T,15,False,0
2467,H,A,L,L,Q,A,N,N,L,V,,,6,4,10,H,V,A,N,23,True,0
2468,T,K,D,K,F,E,V,Y,C,K,,,3,7,10,T,K,D,K,23,True,0
2469,A,T,S,S,I,E,A,M,E,E,,,2,8,10,A,E,T,S,15,False,0
2470,A,N,L,S,Q,H,Q,S,G,E,,,7,3,10,A,E,Q,S,3,False,0
2471,L,A,V,P,Q,R,L,E,E,E,,,9,1,10,L,E,E,E,7,False,0
2472,I,S,S,G,P,N,A,Y,A,A,,,3,7,10,I,A,S,G,2,False,0
2473,P,P,A,L,H,E,G,P,P,L,,,9,1,10,P,L,P,L,18,False,0
2474,L,G,T,A,R,R,E,V,D,E,,,6,4,10,L,E,R,E,13,False,0
2475,G,Q,A,H,S,T,E,D,N,E,,,5,5,10,G,E,S,T,21,False,0
2476,I,S,P,D,C,L,H,I,Q,K,,,3,7,10,I,K,P,D,1,True,0
2477,Q,L,K,T,D,L,K,E,S,L,,,8,2,10,Q,L,E,S,19,True,0
2478,S,I,L,L,Q,D,S,S,T,G,,,2,8,10,S,G,I,L,3,True,0
2479,K,I,P,P,C,K,G,I,T,L,,,9,1,10,K,L,T,L,0,True,0
2480,D,L,A,L,I,S,S,L,G,C,,,1,9,10,D,C,D,L,5,True,0
2481,R,G,K,C,E,C,I,R,G,R,,,3,7,10,R,R,K,C,0,False,0
2482,E,R,M,L,R,E,E,P,E,E,,,5,5,10,E,E,R,E,12,False,0
2483,I,K,C,K,W,E,E,V,K,E,,,5,5,10,I,E,W,E,6,False,0
2484,G,S,I,T,N,L,T,V,H,I,,,1,9,10,G,I,G,S,22,True,0
2485,S,S,L,A,K,F,Q,V,F,L,,,3,7,10,S,L,L,A,4,True,0
2486,L,D,L,E,L,S,L,R,N,N,,,3,7,10,L,N,L,E,13,False,0
2487,N,N,R,A,F,C,N,K,K,V,,,7,3,10,N,V,N,K,13,False,0
2488,E,K,E,M,E,K,E,Y,N,S,,,8,2,10,E,S,Y,N,18,True,0
2489,L,A,G,A,V,K,L,L,A,A,,,4,6,10,L,A,A,V,18,True,0
2490,A,S,P,V,I,L,R,V,D,G,,,9,1,10,A,G,D,G,12,True,0
2491,H,E,R,I,H,H,E,R,T,H,,,5,5,10,H,H,H,H,23,False,0
2492,E,G,G,A,L,P,E,G,S,K,,,1,9,10,E,K,E,G,11,True,0
2493,T,L,G,E,P,I,E,L,R,R,,,1,9,10,T,R,T,L,24,True,0
2494,I,R,N,A,E,N,K,E,K,E,,,5,5,10,I,E,E,N,17,True,0
2495,V,F,F,L,V,S,L,L,V,E,,,1,9,10,V,E,V,F,12,False,0
2496,D,V,G,Y,D,R,F,V,Y,K,,,8,2,10,D,K,V,Y,1,False,0
2497,M,V,F,D,N,G,E,W,E,I,,,2,8,10,M,I,V,F,14,False,0
2498,F,L,E,G,K,A,G,R,N,P,,,4,6,10,F,P,G,K,23,False,0
2499,H,S,A,R,N,N,T,G,G,I,,,9,1,10,H,I,G,I,24,True,0
2500,E,V,V,G,Q,T,S,A,L,L,H,,10,1,11,E,H,L,H,21,True,0
2501,Q,Y,N,S,Y,S,M,T,L,T,I,,7,4,11,Q,I,M,T,14,True,0
2502,S,P,V,E,R,Q,S,H,P,Q,I,,5,6,11,S,I,R,Q,17,True,0
2503,I,P,W,I,S,A,G,A,Q,R,V,,3,8,11,I,V,W,I,24,False,0
2504,I,L,I,L,C,H,I,E,E,S,F,,5,6,11,I,F,C,H,17,False,0
2505,F,T,V,H,V,Q,L,T,I,S,W,,4,7,11,F,W,H,V,6,True,0
2506,L,Y,E,L,P,V,G,A,T,I,N,,3,8,11,L,N,E,L,5,True,0
2507,P,Q,Q,P,R,S,R,K,R,R,S,,7,4,11,P,S,R,K,14,False,0
2508,L,I,L,R,T,Q,R,S,S,W,P,,6,5,11,L,P,Q,R,20,False,0
2509,G,E,R,G,E,R,G,E,K,G,D,,6,5,11,G,D,R,G,24,False,0
2510,E,R,Q,Q,A,A,Q,V,L,S,R,,3,8,11,E,R,Q,Q,10,True,0
2511,R,P,P,S,H,I,A,V,V,I,L,,4,7,11,R,L,S,H,10,True,0
2512,L,C,S,D,G,E,V,N,N,L,Q,,3,8,11,L,Q,S,D,16,True,0
2513,S,C,R,R,D,R,G,H,T,Y,I,,3,8,11,S,I,R,R,9,False,0
2514,S,A,P,R,A,R,H,I,N,Q,V,,7,4,11,S,V,H,I,21,False,0
2515,E,C,P,A,G,C,Y,A,N,G,L,,2,9,11,E,L,C,P,13,False,0
2516,V,A,I,Q,S,K,C,F,S,H,S,,5,6,11,V,S,S,K,18,True,0
2517,V,Q,V,F,G,L,F,G,K,A,E,,5,6,11,V,E,G,L,21,True,0
2518,F,P,G,P,G,S,A,V,L,G,R,,2,9,11,F,R,P,G,21,True,0
2519,R,C,F,M,C,R,K,K,V,G,C,,10,1,11,R,C,G,C,12,False,0
2520,T,A,Q,L,E,T,A,R,S,G,A,,7,4,11,T,A,A,R,23,True,0
2521,Q,M,H,N,A,E,H,Y,S,S,C,,8,3,11,Q,C,Y,S,6,False,0
2522,Q,L,A,I,Q,I,H,R,S,P,I,,9,2,11,Q,I,S,P,11,False,0
2523,D,E,E,M,S,I,M,T,M,A,D,,1,10,11,D,D,D,E,1,False,0
2524,I,S,V,T,D,V,L,V,D,E,I,,7,4,11,I,I,L,V,23,False,0
2525,G,Q,P,L,L,G,E,A,V,G,R,,6,5,11,G,R,G,E,23,False,0
2526,K,L,L,Q,E,Q,L,T,D,T,L,,8,3,11,K,L,T,D,3,False,0
2527,K,D,R,K,D,V,K,K,E,E,K,,4,7,11,K,K,K,D,12,False,0
2528,L,A,V,W,L,S,L,A,D,V,L,,4,7,11,L,L,W,L,15,False,0
2529,S,E,V,A,P,C,A,D,V,V,T,,1,10,11,S,T,S,E,5,False,0
2530,D,C,G,R,C,F,S,E,S,G,K,,9,2,11,D,K,S,G,21,False,0
2531,N,D,Q,S,P,W,E,E,S,P,R,,8,3,11,N,R,E,S,15,False,0
2532,D,R,Q,F,R,P,S,Q,A,H,A,,8,3,11,D,A,Q,A,6,True,0
2533,M,A,G,Q,N,I,L,E,P,S,Y,,3,8,11,M,Y,G,Q,23,False,0
2534,M,E,A,Q,K,V,I,N,W,H,M,,2,9,11,M,M,E,A,25,False,0
2535,A,L,L,L,T,L,T,S,P,D,G,,10,1,11,A,G,D,G,18,True,0
2536,G,D,C,R,K,K,P,D,S,P,V,,6,5,11,G,V,K,P,16,False,0
2537,N,D,R,S,S,Q,R,S,V,T,R,,8,3,11,N,R,S,V,20,False,0
2538,F,I,V,A,F,V,S,H,P,V,K,,9,2,11,F,K,P,V,25,False,0
2539,P,R,S,L,H,Q,G,M,A,P,A,,3,8,11,P,A,S,L,18,False,0
2540,C,L,R,I,F,M,G,N,V,V,S,,3,8,11,C,S,R,I,11,False,0
2541,E,D,F,N,Q,G,E,V,M,R,L,,4,7,11,E,L,N,Q,9,False,0
2542,K,Y,P,G,N,P,K,Q,S,G,P,,2,9,11,K,P,Y,P,1,False,0
2543,Y,H,K,I,N,L,D,L,I,L,E,,1,10,11,Y,E,Y,H,3,False,0
2544,P,D,K,E,F,L,Q,G,L,I,L,,6,5,11,P,L,L,Q,7,True,0
2545,L,S,L,L,T,S,M,T,F,R,G,,3,8,11,L,G,L,L,3,False,0
2546,H,S,P,R,S,F,S,Y,S,A,T,,4,7,11,H,T,R,S,23,True,0
2547,I,H,G,R,A,I,L,E,M,E,Q,,1,10,11,I,Q,I,H,8,False,0
2548,D,E,V,S,K,R,A,R,P,P,A,,4,7,11,D,A,S,K,19,True,0
2549,C,D,R,G,Y,E,N,D,D,Q,L,,5,6,11,C,L,Y,E,5,True,0
2550,E,N,H,A,R,G,I,I,Q,M,W,,7,4,11,E,W,I,I,12,True,0
2551,E,R,N,T,V,S,E,C,V,L,L,,6,5,11,E,L,S,E,17,False,0
2552,L,P,D,L,M,Y,L,S,E,A,E,,7,4,11,L,E,L,S,9,True,0
2553,R,V,T,T,D,I,S,V,A,N,E,,6,5,11,R,E,I,S,1,False,0
2554,Q,G,S,C,L,H,N,P,P,R,G,,10,1,11,Q,G,R,G,23,False,0
2555,E,A,V,L,P,M,R,L,D,R,L,,6,5,11,E,L,M,R,2,False,0
2556,Q,A,N,I,P,T,P,T,G,S,Q,,6,5,11,Q,Q,T,P,6,True,0
2557,P,L,A,W,V,G,V,S,C,C,E,,1,10,11,P,E,P,L,6,False,0
2558,L,W,G,F,G,L,A,H,V,A,C,,2,9,11,L,C,W,G,8,False,0
2559,D,S,P,I,A,V,L,L,G,V,F,,8,3,11,D,F,L,G,14,True,0
2560,E,R,W,R,L,E,L,E,E,G,E,,5,6,11,E,E,L,E,21,True,0
2561,A,A,L,G,S,G,G,G,P,A,S,,6,5,11,A,S,G,G,23,False,0
2562,T,L,L,H,Y,D,P,G,T,G,F,,7,4,11,T,F,P,G,13,True,0
2563,E,S,S,N,G,K,M,A,E,A,G,,8,3,11,E,G,A,E,7,False,0
2564,E,S,I,R,M,A,M,G,L,R,G,,10,1,11,E,G,R,G,17,True,0
2565,R,A,T,D,V,Q,A,H,V,L,G,,4,7,11,R,G,D,V,15,True,0
2566,D,T,S,Q,H,L,D,G,E,R,M,,2,9,11,D,M,T,S,6,False,0
2567,W,D,E,C,E,G,D,I,Q,K,N,,2,9,11,W,N,D,E,15,True,0
2568,V,S,C,H,A,Q,F,Y,Q,C,H,,1,10,11,V,H,V,S,12,False,0
2569,D,L,I,F,H,G,S,R,L,E,N,,3,8,11,D,N,I,F,2,False,0
2570,M,A,T,I,E,A,H,A,V,A,T,,10,1,11,M,T,A,T,16,True,0
2571,S,I,L,Q,M,Q,G,E,D,A,R,,4,7,11,S,R,Q,M,7,False,0
2572,R,K,K,A,S,E,L,I,S,E,P,,10,1,11,R,P,E,P,7,True,0
2573,N,D,F,D,Y,L,G,K,G,T,F,,6,5,11,N,F,L,G,3,False,0
2574,L,G,S,G,Q,A,E,E,H,P,A,,7,4,11,L,A,E,E,20,False,0
2575,D,N,R,R,L,Q,G,G,M,L,Y,,4,7,11,D,Y,R,L,23,True,0
2576,C,S,P,Y,Y,Q,D,I,D,A,Q,,5,6,11,C,Q,Y,Q,21,True,0
2577,T,V,H,S,D,E,A,G,M,V,N,,9,2,11,T,N,M,V,12,True,0
2578,S,S,D,M,P,P,D,D,D,W,R,,2,9,11,S,R,S,D,25,False,0
2579,P,R,S,I,N,K,K,A,K,C,P,,9,2,11,P,P,K,C,24,False,0
2580,A,A,N,A,S,A,Y,T,A,N,T,,1,10,11,A,T,A,A,25,False,0
2581,Y,V,L,N,E,A,I,S,L,I,M,,7,4,11,Y,M,I,S,2,False,0
2582,D,V,V,S,K,L,I,Q,E,N,N,,10,1,11,D,N,N,N,19,False,0
2583,A,R,K,W,T,I,K,L,T,G,V,,3,8,11,A,V,K,W,8,True,0
2584,F,K,G,W,T,G,S,K,S,E,P,,6,5,11,F,P,G,S,23,True,0
2585,T,L,Y,V,H,F,R,H,L,F,H,,6,5,11,T,H,F,R,23,True,0
2586,A,L,Q,L,P,R,E,P,E,C,T,,8,3,11,A,T,P,E,23,False,0
2587,L,A,A,D,G,A,F,G,K,V,Y,,3,8,11,L,Y,A,D,9,True,0
2588,M,A,E,A,L,H,G,E,A,D,S,,1,10,11,M,S,M,A,7,False,0
2589,V,P,T,P,P,A,P,P,A,T,P,,9,2,11,V,P,A,T,0,True,0
2590,E,S,E,R,N,S,P,D,N,D,L,,8,3,11,E,L,D,N,11,True,0
2591,A,E,L,Y,E,F,T,A,D,A,S,,8,3,11,A,S,A,D,17,True,0
2592,P,K,E,P,A,L,S,M,E,A,S,,10,1,11,P,S,A,S,7,True,0
2593,L,L,L,Y,K,R,T,S,T,N,P,,6,5,11,L,P,R,T,20,True,0
2594,E,K,K,G,V,T,L,D,P,E,L,,4,7,11,E,L,G,V,17,False,0
2595,K,I,C,G,M,A,F,R,Y,H,Y,,2,9,11,K,Y,I,C,11,False,0
2596,A,T,Q,T,K,A,R,A,T,E,S,,3,8,11,A,S,Q,T,23,False,0
2597,R,L,R,A,P,G,L,T,E,L,N,,4,7,11,R,N,A,P,19,False,0
2598,S,L,I,L,P,A,G,Y,Q,I,T,,3,8,11,S,T,I,L,10,True,0
2599,E,R,Y,G,V,C,R,A,L,E,A,,10,1,11,E,A,E,A,25,True,0
2600,Y,C,P,P,S,A,K,D,P,A,Q,,2,9,11,Y,Q,C,P,22,True,0
2601,L,Q,D,S,I,S,L,L,L,E,L,,10,1,11,L,L,E,L,19,True,0
2602,A,R,L,T,A,D,D,F,Q,S,V,,8,3,11,A,V,F,Q,11,False,0
2603,A,A,A,G,E,A,L,V,G,T,G,,9,2,11,A,G,G,T,9,False,0
2604,R,H,R,R,E,L,L,A,I,K,Q,,5,6,11,R,Q,E,L,21,True,0
2605,R,L,R,G,D,A,K,I,L,D,N,,2,9,11,R,N,L,R,25,False,0
2606,I,K,M,E,N,A,L,A,E,I,T,,5,6,11,I,T,N,A,10,True,0
2607,S,R,E,K,V,V,S,T,T,P,E,,6,5,11,S,E,V,S,4,False,0
2608,R,G,D,P,P,E,A,P,I,F,D,,3,8,11,R,D,D,P,15,False,0
2609,H,P,P,P,P,S,P,S,E,G,R,,5,6,11,H,R,P,S,24,False,0
2610,A,E,E,T,A,A,T,A,S,A,G,,10,1,11,A,G,A,G,24,False,0
2611,G,L,G,S,F,Q,K,R,R,A,L,,4,7,11,G,L,S,F,14,False,0
2612,A,Q,S,L,D,R,E,T,P,V,E,,7,4,11,A,E,E,T,17,True,0
2613,R,D,L,A,L,Y,L,P,S,L,Q,,9,2,11,R,Q,S,L,13,True,0
2614,G,E,E,K,E,L,Y,S,D,L,F,,5,6,11,G,F,E,L,2,True,0
2615,T,L,D,F,L,H,G,L,Q,M,L,,2,9,11,T,L,L,D,9,True,0
2616,P,R,V,R,E,E,D,A,R,N,Q,,2,9,11,P,Q,R,V,5,False,0
2617,T,A,V,A,T,A,V,G,M,N,L,,10,1,11,T,L,N,L,8,False,0
2618,L,P,C,G,K,S,F,R,A,A,A,,8,3,11,L,A,R,A,7,True,0
2619,S,E,A,V,D,S,I,Q,I,M,K,,5,6,11,S,K,D,S,6,True,0
2620,E,A,S,T,A,Q,F,Q,V,H,H,,1,10,11,E,H,E,A,9,True,0
2621,E,G,Q,E,E,P,P,L,N,E,V,,9,2,11,E,V,N,E,7,False,0
2622,E,G,D,L,K,A,V,K,G,D,V,,6,5,11,E,V,A,V,7,True,0
2623,R,A,R,A,P,G,P,A,Q,L,R,,6,5,11,R,R,G,P,16,False,0
2624,G,I,T,G,T,N,F,N,K,V,T,,6,5,11,G,T,N,F,16,False,0
2625,P,K,G,G,E,Q,G,P,Q,G,F,,3,8,11,P,F,G,G,2,True,0
2626,E,C,R,N,A,E,E,K,A,N,T,,9,2,11,E,T,A,N,25,True,0
2627,N,L,L,M,V,L,L,R,Y,V,P,,3,8,11,N,P,L,M,2,False,0
2628,I,P,K,S,L,P,F,I,Y,G,D,,2,9,11,I,D,P,K,0,True,0
2629,D,E,A,F,R,F,K,S,S,L,H,,10,1,11,D,H,L,H,6,False,0
2630,V,S,F,W,E,G,Q,V,S,L,S,,3,8,11,V,S,F,W,3,False,0
2631,C,L,P,D,L,K,E,S,R,S,T,,7,4,11,C,T,E,S,8,True,0
2632,S,C,V,P,P,Y,K,C,K,A,P,,6,5,11,S,P,Y,K,11,False,0
2633,G,M,L,P,S,Q,S,E,P,N,S,,10,1,11,G,S,N,S,6,True,0
2634,L,M,T,L,V,E,D,R,I,F,N,,5,6,11,L,N,V,E,18,True,0
2635,L,C,P,S,L,G,K,H,S,E,E,,8,3,11,L,E,H,S,14,False,0
2636,L,D,K,K,D,L,M,Q,L,A,Q,,3,8,11,L,Q,K,K,19,False,0
2637,N,A,R,V,Q,V,F,R,Q,G,R,,4,7,11,N,R,V,Q,16,True,0
2638,P,Q,P,A,V,H,V,Q,G,Q,A,,10,1,11,P,A,Q,A,20,True,0
2639,S,L,I,C,P,L,S,L,F,D,V,,4,7,11,S,V,C,P,16,False,0
2640,P,T,E,Q,S,D,F,N,A,V,E,,5,6,11,P,E,S,D,6,True,0
2641,V,S,L,E,T,I,F,N,A,V,M,,2,9,11,V,M,S,L,5,False,0
2642,K,A,L,V,I,A,Q,N,N,I,E,,4,7,11,K,E,V,I,0,False,0
2643,L,E,E,G,E,D,K,E,D,S,Q,,1,10,11,L,Q,L,E,11,False,0
2644,T,S,E,K,K,L,S,V,M,E,S,,2,9,11,T,S,S,E,24,False,0
2645,S,P,E,V,K,A,R,W,S,A,S,,7,4,11,S,S,R,W,12,False,0
2646,E,F,A,P,G,F,Q,K,K,F,H,,1,10,11,E,H,E,F,0,True,0
2647,L,E,T,Y,Y,Y,I,S,P,I,A,,9,2,11,L,A,P,I,15,False,0
2648,A,P,Y,T,E,F,N,A,A,Y,V,,3,8,11,A,V,Y,T,20,True,0
2649,T,G,N,L,Q,P,L,D,N,Y,F,,4,7,11,T,F,L,Q,8,False,0
2650,F,S,P,S,D,V,L,G,K,S,L,,2,9,11,F,L,S,P,6,True,0
2651,G,V,P,W,C,T,I,D,V,P,P,,5,6,11,G,P,C,T,4,False,0
2652,T,L,T,F,Q,Y,A,F,L,K,I,,3,8,11,T,I,T,F,0,True,0
2653,Q,K,R,Y,N,W,T,Y,V,S,A,,1,10,11,Q,A,Q,K,8,False,0
2654,P,D,E,V,R,E,T,L,G,S,L,,2,9,11,P,L,D,E,0,True,0
2655,A,V,F,H,W,L,G,C,T,E,K,,10,1,11,A,K,E,K,16,False,0
2656,V,L,S,L,Q,E,E,L,S,D,V,,3,8,11,V,V,S,L,18,True,0
2657,H,N,L,L,E,D,R,L,A,H,H,,3,8,11,H,H,L,L,10,False,0
2658,K,A,F,S,I,C,S,M,Y,V,E,,7,4,11,K,E,S,M,15,False,0
2659,C,V,L,F,T,Y,F,Q,S,S,Y,,8,3,11,C,Y,Q,S,18,False,0
2660,I,N,Y,R,K,S,V,G,F,F,L,,4,7,11,I,L,R,K,21,True,0
2661,E,T,S,C,F,S,T,L,H,A,Q,,9,2,11,E,Q,H,A,17,False,0
2662,L,Y,W,L,L,K,D,A,S,R,A,,8,3,11,L,A,A,S,9,True,0
2663,P,D,M,E,C,D,R,L,F,E,V,,2,9,11,P,V,D,M,18,False,0
2664,T,E,H,I,A,R,S,L,Y,W,T,,4,7,11,T,T,I,A,3,True,0
2665,Q,P,L,L,C,S,Y,F,F,E,A,,1,10,11,Q,A,Q,P,24,True,0
2666,D,F,S,V,S,L,K,A,S,G,Q,,10,1,11,D,Q,G,Q,17,False,0
2667,A,Y,D,R,Y,A,A,V,C,H,L,,10,1,11,A,L,H,L,22,False,0
2668,L,F,Y,R,K,T,I,G,Y,P,E,,9,2,11,L,E,Y,P,5,False,0
2669,G,D,G,E,N,S,G,V,S,P,T,,9,2,11,G,T,S,P,8,False,0
2670,L,M,Q,E,K,I,Q,D,P,G,S,,3,8,11,L,S,Q,E,15,False,0
2671,L,A,V,F,M,P,W,Q,A,V,Q,,4,7,11,L,Q,F,M,9,True,0
2672,V,F,S,N,L,L,T,T,H,A,Y,,5,6,11,V,Y,L,L,5,True,0
2673,G,Y,C,D,A,S,A,E,R,G,R,,6,5,11,G,R,S,A,19,True,0
2674,H,K,Q,E,I,R,K,N,P,E,K,,10,1,11,H,K,E,K,20,False,0
2675,E,A,Q,I,F,Q,Y,F,V,L,S,,6,5,11,E,S,Q,Y,7,True,0
2676,L,G,P,L,A,P,P,A,E,T,P,,7,4,11,L,P,P,A,6,True,0
2677,S,I,G,E,P,G,T,Q,G,V,P,,8,3,11,S,P,Q,G,18,False,0
2678,M,S,E,K,I,T,L,L,K,Y,F,,3,8,11,M,F,E,K,3,True,0
2679,K,Y,A,H,L,G,V,Q,V,W,Q,,2,9,11,K,Q,Y,A,11,True,0
2680,G,T,K,G,E,F,P,T,D,I,P,,4,7,11,G,P,G,E,0,True,0
2681,G,G,S,Y,M,A,K,L,T,V,A,,10,1,11,G,A,V,A,16,True,0
2682,C,V,R,F,V,V,L,E,M,I,N,,2,9,11,C,N,V,R,22,False,0
2683,A,P,G,H,V,S,V,I,N,S,D,,8,3,11,A,D,I,N,16,True,0
2684,S,P,F,L,V,Y,W,R,D,Q,A,,5,6,11,S,A,V,Y,20,False,0
2685,L,C,T,V,T,P,P,R,K,E,E,,2,9,11,L,E,C,T,13,False,0
2686,E,A,E,A,L,Y,Q,T,K,V,H,,10,1,11,E,H,V,H,9,False,0
2687,V,T,L,E,A,L,G,S,G,N,L,,4,7,11,V,L,E,A,24,True,0
2688,D,L,E,S,V,M,A,T,S,L,D,,4,7,11,D,D,S,V,19,False,0
2689,V,V,T,V,F,Y,L,V,A,Y,V,,10,1,11,V,V,Y,V,14,True,0
2690,A,M,I,K,E,N,F,D,E,K,A,,6,5,11,A,A,N,F,14,False,0
2691,G,A,A,A,A,A,A,A,G,A,A,,8,3,11,G,A,A,G,12,True,0
2692,P,L,Q,S,L,H,T,L,R,P,R,,4,7,11,P,R,S,L,12,True,0
2693,L,G,S,G,M,H,I,I,E,E,V,,10,1,11,L,V,E,V,1,True,0
2694,L,V,D,H,T,L,S,P,D,H,Y,,6,5,11,L,Y,L,S,0,True,0
2695,S,L,S,G,G,G,G,S,R,S,I,,7,4,11,S,I,G,S,0,False,0
2696,A,V,F,L,L,A,P,R,S,S,G,,7,4,11,A,G,P,R,22,True,0
2697,E,S,F,L,W,D,C,H,D,A,S,,8,3,11,E,S,H,D,18,True,0
2698,M,K,R,A,L,M,Y,S,L,R,N,,6,5,11,M,N,M,Y,2,True,0
2699,P,V,R,C,S,T,A,T,L,A,I,,4,7,11,P,I,C,S,21,False,0
2700,P,R,Y,S,V,S,E,R,S,F,G,,1,10,11,P,G,P,R,10,False,0
2701,R,G,Q,F,G,T,G,L,C,L,C,,5,6,11,R,C,G,T,14,True,0
2702,G,C,L,I,E,I,L,A,S,L,E,,9,2,11,G,E,S,L,20,False,0
2703,Q,L,P,G,K,N,L,R,S,L,G,,7,4,11,Q,G,L,R,13,False,0
2704,T,L,G,I,T,L,M,I,G,G,G,,10,1,11,T,G,G,G,2,True,0
2705,V,A,G,H,I,H,F,L,L,T,N,,5,6,11,V,N,I,H,22,True,0
2706,I,A,V,D,V,S,N,E,D,P,S,,2,9,11,I,S,A,V,15,False,0
2707,Q,A,L,I,C,E,S,L,H,S,S,,3,8,11,Q,S,L,I,1,True,0
2708,R,L,L,G,G,C,C,S,R,L,L,,6,5,11,R,L,C,C,0,True,0
2709,G,P,A,P,L,M,R,T,S,V,G,,4,7,11,G,G,P,L,12,True,0
2710,A,S,S,F,Q,Q,Q,K,E,E,V,,8,3,11,A,V,K,E,6,True,0
2711,D,F,D,T,E,Q,Y,D,I,L,V,,5,6,11,D,V,E,Q,1,True,0
2712,K,Q,D,S,K,S,L,R,E,L,P,,5,6,11,K,P,K,S,7,False,0
2713,P,V,F,R,S,L,P,I,A,D,I,,8,3,11,P,I,I,A,15,True,0
2714,T,C,F,S,V,L,F,L,N,N,M,,7,4,11,T,M,F,L,19,True,0
2715,K,A,L,V,P,E,T,E,D,E,K,,2,9,11,K,K,A,L,13,True,0
2716,E,L,N,T,L,G,L,S,S,L,N,,7,4,11,E,N,L,S,22,False,0
2717,M,K,A,E,S,R,D,I,P,I,R,,10,1,11,M,R,I,R,14,False,0
2718,G,N,F,T,N,H,A,L,G,H,L,,6,5,11,G,L,H,A,22,True,0
2719,K,T,C,G,K,G,F,Y,S,A,G,,10,1,11,K,G,A,G,6,True,0
2720,R,A,R,V,P,L,R,Y,K,S,L,,3,8,11,R,L,R,V,4,True,0
2721,S,G,L,F,A,M,T,V,R,E,F,,4,7,11,S,F,F,A,8,False,0
2722,P,V,L,L,D,V,G,K,A,Y,D,,7,4,11,P,D,G,K,22,False,0
2723,S,R,S,G,D,V,I,E,Y,V,E,,9,2,11,S,E,Y,V,20,False,0
2724,M,C,P,E,M,E,K,T,N,H,R,,5,6,11,M,R,M,E,10,False,0
2725,S,L,T,P,A,P,G,A,R,S,Q,,5,6,11,S,Q,A,P,23,True,0
2726,G,P,D,G,R,L,L,R,N,Q,S,,8,3,11,G,S,R,N,15,True,0
2727,Q,A,A,P,S,A,T,L,A,A,P,,3,8,11,Q,P,A,P,19,True,0
2728,Q,R,L,N,E,K,E,F,E,E,T,,4,7,11,Q,T,N,E,19,True,0
2729,L,Q,V,A,V,K,N,N,N,Q,T,,8,3,11,L,T,N,N,21,True,0
2730,V,Q,M,R,P,A,V,Q,A,S,H,,3,8,11,V,H,M,R,7,False,0
2731,V,R,M,D,R,I,I,Q,Q,I,V,,3,8,11,V,V,M,D,22,True,0
2732,P,H,S,P,F,Q,N,P,F,K,I,,4,7,11,P,I,P,F,17,False,0
2733,Q,T,K,Y,Q,K,K,G,V,L,E,,3,8,11,Q,E,K,Y,5,False,0
2734,E,E,T,N,D,S,L,L,S,V,T,,4,7,11,E,T,N,D,22,True,0
2735,F,E,I,I,L,E,Y,L,E,T,F,,10,1,11,F,F,T,F,7,False,0
2736,Q,Q,D,A,P,P,T,D,P,N,N,,3,8,11,Q,N,D,A,3,False,0
2737,T,L,S,R,T,P,P,E,R,D,S,,10,1,11,T,S,D,S,22,False,0
2738,A,P,P,R,L,G,P,A,Q,R,G,,3,8,11,A,G,P,R,19,False,0
2739,G,L,E,E,E,L,V,E,A,P,R,,3,8,11,G,R,E,E,22,False,0
2740,K,N,E,I,Q,S,N,L,K,Y,L,,6,5,11,K,L,S,N,3,True,0
2741,L,A,Q,E,T,V,M,S,L,S,P,,1,10,11,L,P,L,A,9,False,0
2742,A,V,A,P,C,P,G,S,S,L,A,,7,4,11,A,A,G,S,5,False,0
2743,A,A,I,G,P,K,R,Y,Q,D,S,,10,1,11,A,S,D,S,15,False,0
2744,N,E,L,I,I,I,R,L,H,K,E,,1,10,11,N,E,N,E,20,True,0
2745,K,Q,Q,Q,Y,K,H,Q,M,L,Q,,10,1,11,K,Q,L,Q,17,True,0
2746,S,F,L,Q,M,Y,F,Q,D,L,A,,8,3,11,S,A,Q,D,19,False,0
2747,N,N,L,S,F,E,H,R,F,M,I,,7,4,11,N,I,H,R,15,False,0
2748,T,G,E,I,R,S,V,R,P,L,T,,10,1,11,T,T,L,T,10,False,0
2749,M,G,S,T,Q,V,C,N,H,P,E,,5,6,11,M,E,Q,V,18,False,0
2750,E,G,G,Y,L,P,F,E,V,G,P,,8,3,11,E,P,E,V,8,False,0
2751,N,P,I,T,A,Y,T,I,E,N,V,,9,2,11,N,V,E,N,22,True,0
2752,A,C,D,S,A,A,Y,F,G,L,T,,3,8,11,A,T,D,S,23,True,0
2753,P,Y,T,L,V,L,E,D,P,L,Q,,7,4,11,P,Q,E,D,6,True,0
2754,N,G,V,A,I,I,V,G,P,T,G,,8,3,11,N,G,G,P,10,False,0
2755,T,G,D,E,D,L,P,G,P,P,V,,1,10,11,T,V,T,G,25,False,0
2756,V,Y,T,V,Q,S,L,G,L,N,P,,5,6,11,V,P,Q,S,14,False,0
2757,P,Y,A,G,F,V,L,N,G,I,L,,10,1,11,P,L,I,L,11,True,0
2758,N,F,T,V,D,H,Q,G,V,S,W,,2,9,11,N,W,F,T,20,True,0
2759,N,L,L,F,T,F,P,L,M,A,I,,3,8,11,N,I,L,F,2,False,0
2760,G,G,R,G,S,K,E,A,A,L,S,,5,6,11,G,S,S,K,10,True,0
2761,S,K,P,I,T,K,A,S,A,S,S,,5,6,11,S,S,T,K,2,False,0
2762,A,N,I,T,A,S,P,G,S,P,R,,5,6,11,A,R,A,S,5,False,0
2763,T,L,Y,L,D,Q,I,R,R,E,Q,,2,9,11,T,Q,L,Y,24,True,0
2764,K,R,R,Q,E,N,E,I,K,Q,R,,2,9,11,K,R,R,R,24,False,0
2765,Y,L,L,E,K,S,R,V,D,N,S,,8,3,11,Y,S,V,D,24,True,0
2766,G,A,L,K,Y,C,V,R,R,K,T,,2,9,11,G,T,A,L,8,False,0
2767,C,R,E,T,C,K,R,D,S,K,A,,1,10,11,C,A,C,R,17,True,0
2768,F,G,D,V,P,R,K,L,V,T,R,,8,3,11,F,R,L,V,3,False,0
2769,L,E,D,D,I,T,K,T,L,W,K,,5,6,11,L,K,I,T,23,True,0
2770,R,L,Q,D,L,V,D,E,D,R,K,,7,4,11,R,K,D,E,3,True,0
2771,C,D,G,R,T,C,T,H,G,E,D,,3,8,11,C,D,G,R,1,False,0
2772,L,I,K,Y,D,Y,V,L,S,L,H,,5,6,11,L,H,D,Y,9,False,0
2773,L,K,Y,N,E,V,P,K,N,H,P,,3,8,11,L,P,Y,N,6,False,0
2774,M,N,P,R,M,R,K,F,Q,L,R,,9,2,11,M,R,Q,L,19,False,0
2775,K,I,V,E,R,I,I,A,H,S,N,,1,10,11,K,N,K,I,25,False,0
2776,L,V,V,H,A,W,W,G,I,H,M,,1,10,11,L,M,L,V,9,True,0
2777,S,Q,A,M,I,V,I,F,D,S,D,,5,6,11,S,D,I,V,15,True,0
2778,E,F,T,D,H,G,G,S,G,F,V,,1,10,11,E,V,E,F,11,True,0
2779,D,E,L,F,A,Q,P,D,K,D,D,,5,6,11,D,D,A,Q,10,False,0
2780,E,T,L,K,N,R,M,G,R,Q,I,,10,1,11,E,I,Q,I,9,False,0
2781,G,L,R,Q,V,T,G,V,T,A,K,,9,2,11,G,K,T,A,15,True,0
2782,D,Y,A,K,A,L,E,I,G,D,Q,,7,4,11,D,Q,E,I,11,False,0
2783,R,A,I,T,P,L,S,E,A,E,F,,3,8,11,R,F,I,T,7,True,0
2784,K,K,C,Q,T,Q,N,D,I,I,H,,5,6,11,K,H,T,Q,19,False,0
2785,E,L,F,S,D,M,K,P,P,I,S,,4,7,11,E,S,S,D,2,False,0
2786,E,D,H,S,H,S,F,D,M,T,M,,8,3,11,E,M,D,M,22,True,0
2787,V,F,V,Q,R,L,S,L,S,R,L,,9,2,11,V,L,S,R,23,True,0
2788,V,S,S,K,T,S,F,K,V,E,N,,3,8,11,V,N,S,K,3,False,0
2789,S,V,V,S,V,V,A,Y,L,T,D,,9,2,11,S,D,L,T,23,False,0
2790,R,Q,I,S,R,P,S,R,Y,D,N,,7,4,11,R,N,S,R,23,False,0
2791,E,P,Q,L,P,M,M,R,Q,N,H,,5,6,11,E,H,P,M,22,True,0
2792,T,G,G,Q,D,M,S,A,T,G,G,,8,3,11,T,G,A,T,13,False,0
2793,V,L,F,V,L,L,R,V,L,I,W,,5,6,11,V,W,L,L,12,True,0
2794,P,N,S,L,P,A,S,K,W,A,T,,1,10,11,P,T,P,N,12,True,0
2795,E,K,E,D,F,N,A,A,Y,Q,S,,4,7,11,E,S,D,F,3,False,0
2796,S,S,S,E,S,G,I,S,Q,A,L,,3,8,11,S,L,S,E,14,False,0
2797,I,S,Q,L,T,E,Q,D,H,C,N,,4,7,11,I,N,L,T,5,False,0
2798,S,P,V,P,K,T,Y,S,S,Q,K,,7,4,11,S,K,Y,S,22,False,0
2799,L,L,H,T,R,L,P,G,K,K,D,,8,3,11,L,D,G,K,23,True,0
2800,E,R,L,P,E,H,E,E,R,C,E,,10,1,11,E,E,C,E,24,True,0
2801,D,A,T,S,M,A,Y,Q,A,S,N,,4,7,11,D,N,S,M,21,False,0
2802,G,D,E,T,D,L,V,A,S,D,G,,6,5,11,G,G,L,V,5,False,0
2803,S,G,S,G,F,G,Q,H,G,T,G,,2,9,11,S,G,G,S,4,False,0
2804,D,I,K,E,N,I,S,M,S,G,N,,4,7,11,D,N,E,N,11,True,0
2805,L,R,R,G,S,D,R,K,I,K,F,,3,8,11,L,F,R,G,2,True,0
2806,P,L,I,S,E,S,C,P,W,E,C,,5,6,11,P,C,E,S,14,True,0
2807,R,K,A,Q,V,Y,Y,R,A,C,M,,3,8,11,R,M,A,Q,0,False,0
2808,V,G,M,G,L,G,L,W,H,F,C,,5,6,11,V,C,L,G,21,True,0
2809,R,K,M,A,S,P,P,E,K,E,P,,4,7,11,R,P,A,S,10,True,0
2810,P,Q,I,S,T,T,T,R,G,S,E,,6,5,11,P,E,T,T,19,False,0
2811,D,L,S,D,P,H,L,H,T,T,M,,2,9,11,D,M,L,S,24,True,0
2812,V,D,A,L,C,I,A,A,Y,Q,E,,2,9,11,V,E,D,A,25,True,0
2813,G,V,G,P,G,R,S,P,S,E,R,,6,5,11,G,R,R,S,21,True,0
2814,C,H,T,K,P,G,H,L,C,S,E,,4,7,11,C,E,K,P,13,False,0
2815,F,I,L,A,T,L,A,S,I,Y,F,,7,4,11,F,F,A,S,19,True,0
2816,S,S,F,L,P,Q,E,Q,K,V,N,,10,1,11,S,N,V,N,6,True,0
2817,Q,Q,E,S,D,L,E,E,L,K,H,,3,8,11,Q,H,E,S,16,False,0
2818,I,V,K,I,E,D,A,S,I,D,I,,6,5,11,I,I,D,A,10,True,0
2819,D,L,T,P,G,A,E,G,G,F,D,,3,8,11,D,D,T,P,12,False,0
2820,K,Q,L,V,S,P,A,A,S,M,N,,8,3,11,K,N,A,S,2,True,0
2821,D,D,A,H,I,G,N,L,L,T,A,,10,1,11,D,A,T,A,17,False,0
2822,R,T,I,S,G,S,G,L,P,L,L,,3,8,11,R,L,I,S,2,True,0
2823,H,A,E,S,A,Q,D,F,A,D,E,,9,2,11,H,E,A,D,10,True,0
2824,S,L,R,R,V,T,F,N,P,L,E,,6,5,11,S,E,T,F,19,True,0
2825,F,P,S,L,P,A,A,C,A,F,V,,8,3,11,F,V,C,A,17,False,0
2826,S,L,I,P,K,F,L,T,E,E,M,,9,2,11,S,M,E,E,21,True,0
2827,R,E,V,W,Q,C,T,N,P,K,L,,4,7,11,R,L,W,Q,11,False,0
2828,K,Q,L,H,E,R,V,D,V,G,P,,7,4,11,K,P,V,D,18,False,0
2829,R,A,L,M,E,R,S,M,L,L,E,,6,5,11,R,E,R,S,3,True,0
2830,H,K,D,N,C,P,Q,L,P,N,S,,1,10,11,H,S,H,K,3,False,0
2831,S,L,N,V,S,K,L,S,P,E,E,,1,10,11,S,E,S,L,10,False,0
2832,H,R,R,M,A,I,T,G,L,V,R,,8,3,11,H,R,G,L,16,True,0
2833,D,R,P,R,A,D,E,D,E,F,L,,9,2,11,D,L,E,F,23,True,0
2834,E,L,R,K,Q,L,Q,D,L,S,G,,2,9,11,E,G,L,R,4,True,0
2835,K,V,L,P,A,G,G,I,T,L,G,,8,3,11,K,G,I,T,10,False,0
2836,A,M,K,T,A,L,Q,Q,R,E,F,,8,3,11,A,F,Q,R,21,True,0
2837,S,M,L,T,S,P,W,Q,S,E,P,,10,1,11,S,P,E,P,9,False,0
2838,H,S,G,K,S,V,L,G,S,S,E,,2,9,11,H,E,S,G,10,True,0
2839,E,V,A,N,G,K,K,S,P,P,D,,8,3,11,E,D,S,P,11,True,0
2840,P,G,P,D,L,L,G,G,W,A,A,,2,9,11,P,A,G,P,21,True,0
2841,E,L,P,S,S,T,A,Q,L,S,S,,6,5,11,E,S,T,A,18,False,0
2842,S,I,W,W,V,H,E,A,I,E,A,,5,6,11,S,A,V,H,15,False,0
2843,P,E,D,R,T,V,A,T,P,F,N,,7,4,11,P,N,A,T,2,False,0
2844,H,E,A,D,V,Y,V,S,L,N,P,,8,3,11,H,P,S,L,5,False,0
2845,F,Q,V,I,I,M,L,V,G,N,K,,2,9,11,F,K,Q,V,16,False,0
2846,G,N,L,V,D,A,G,V,Y,Q,C,,4,7,11,G,C,V,D,8,False,0
2847,L,D,G,S,L,L,G,R,V,P,T,,3,8,11,L,T,G,S,12,True,0
2848,I,T,S,I,L,K,I,P,F,K,M,,5,6,11,I,M,L,K,19,True,0
2849,I,N,E,I,L,I,F,S,V,Q,P,,1,10,11,I,P,I,N,11,True,0
2850,A,N,P,G,Y,P,F,H,P,L,F,,10,1,11,A,F,L,F,15,True,0
2851,Y,E,R,L,D,K,Y,I,I,L,M,,3,8,11,Y,M,R,L,4,False,0
2852,S,N,F,T,D,Y,S,Y,Q,M,R,,1,10,11,S,R,S,N,19,True,0
2853,E,K,I,P,Q,C,H,L,L,L,Y,,8,3,11,E,Y,L,L,3,False,0
2854,M,A,Q,M,R,E,P,R,G,E,L,,5,6,11,M,L,R,E,22,False,0
2855,D,S,E,D,P,R,M,T,I,N,N,,4,7,11,D,N,D,P,22,True,0
2856,F,W,T,E,S,F,C,T,G,R,H,,4,7,11,F,H,E,S,20,True,0
2857,L,Q,N,E,E,S,S,V,M,E,S,,8,3,11,L,S,V,M,14,False,0
2858,D,T,F,D,L,K,A,A,G,F,K,,2,9,11,D,K,T,F,24,True,0
2859,A,V,S,A,G,L,T,Y,D,D,I,,4,7,11,A,I,A,G,15,True,0
2860,A,F,P,F,D,P,A,A,Q,I,T,,2,9,11,A,T,F,P,21,False,0
2861,D,F,L,Q,G,L,I,M,K,G,A,,5,6,11,D,A,G,L,17,True,0
2862,K,V,P,V,I,V,A,I,S,F,G,,7,4,11,K,G,A,I,1,False,0
2863,A,A,S,A,E,P,S,L,A,S,G,,7,4,11,A,G,S,L,21,True,0
2864,R,L,Q,D,E,I,Q,N,M,K,N,,10,1,11,R,N,K,N,13,True,0
2865,F,R,K,G,T,V,K,P,R,W,L,,6,5,11,F,L,V,K,24,True,0
2866,E,G,G,Y,P,K,H,Y,P,C,T,,5,6,11,E,T,P,K,21,True,0
2867,V,A,E,P,A,V,Y,F,F,N,Q,,8,3,11,V,Q,F,F,22,True,0
2868,M,T,D,A,Q,V,K,T,W,F,Y,,10,1,11,M,Y,F,Y,14,True,0
2869,P,P,I,A,L,K,A,F,G,S,G,,4,7,11,P,G,A,L,7,True,0
2870,N,R,L,F,V,S,W,R,S,P,C,,10,1,11,N,C,P,C,4,False,0
2871,Q,V,G,H,E,P,M,P,P,T,G,,10,1,11,Q,G,T,G,17,True,0
2872,E,K,V,K,E,L,S,I,G,L,F,,6,5,11,E,F,L,S,9,True,0
2873,T,K,V,P,G,A,R,V,Y,S,S,,3,8,11,T,S,V,P,18,True,0
2874,E,V,P,G,E,P,S,D,R,S,R,,1,10,11,E,R,E,V,12,False,0
2875,L,P,V,T,T,W,E,K,I,P,R,,8,3,11,L,R,K,I,22,True,0
2876,R,E,P,R,T,H,L,A,Y,A,L,,5,6,11,R,L,T,H,0,False,0
2877,L,Q,D,T,L,G,H,V,M,P,V,,10,1,11,L,V,P,V,22,True,0
2878,F,L,L,G,L,W,N,F,L,L,L,,1,10,11,F,L,F,L,20,True,0
2879,K,D,L,V,A,S,H,F,N,L,K,,1,10,11,K,K,K,D,1,True,0
2880,E,K,P,Y,Q,T,T,H,L,I,Q,,4,7,11,E,Q,Y,Q,7,True,0
2881,P,I,Q,Y,N,C,T,L,A,Q,L,,6,5,11,P,L,C,T,9,True,0
2882,F,V,S,S,M,G,S,G,G,G,V,,8,3,11,F,V,G,G,4,False,0
2883,T,G,L,T,G,P,S,A,G,A,T,,3,8,11,T,T,L,T,12,True,0
2884,H,A,A,Q,L,N,K,I,D,D,L,,6,5,11,H,L,N,K,18,True,0
2885,N,E,E,C,G,A,S,L,G,P,D,,9,2,11,N,D,G,P,4,False,0
2886,W,L,P,S,K,Y,L,Y,G,F,G,,1,10,11,W,G,W,L,12,True,0
2887,E,H,L,D,L,P,K,D,L,R,D,,3,8,11,E,D,L,D,13,False,0
2888,A,L,I,R,S,S,L,G,S,S,T,,8,3,11,A,T,G,S,0,False,0
2889,V,R,L,P,V,S,Q,N,V,H,S,,10,1,11,V,S,H,S,19,False,0
2890,G,G,G,N,G,S,R,K,S,G,Q,,8,3,11,G,Q,K,S,4,True,0
2891,H,Q,L,Q,V,R,V,N,P,V,S,,8,3,11,H,S,N,P,6,False,0
2892,A,D,R,T,R,L,D,R,E,R,L,,2,9,11,A,L,D,R,7,False,0
2893,R,S,T,E,Y,P,C,A,G,E,G,,9,2,11,R,G,G,E,2,False,0
2894,K,E,E,N,I,N,G,P,T,S,A,,4,7,11,K,A,N,I,20,True,0
2895,S,G,L,F,R,L,I,Q,H,Q,R,,5,6,11,S,R,R,L,20,True,0
2896,P,T,S,A,S,S,Q,Q,P,L,E,,10,1,11,P,E,L,E,8,True,0
2897,G,L,G,L,P,A,A,P,D,P,E,,4,7,11,G,E,L,P,20,False,0
2898,H,T,A,P,V,Q,H,A,L,P,S,,3,8,11,H,S,A,P,5,True,0
2899,P,H,K,C,N,Y,C,C,K,I,C,,7,4,11,P,C,C,C,21,True,0
2900,S,P,S,A,Q,E,P,E,A,R,E,,4,7,11,S,E,A,Q,4,True,0
2901,A,K,G,G,G,E,D,F,G,E,L,,8,3,11,A,L,F,G,4,False,0
2902,L,A,P,V,S,V,T,L,P,T,Y,,8,3,11,L,Y,L,P,1,True,0
2903,T,H,C,G,T,M,R,R,C,N,V,,8,3,11,T,V,R,C,4,False,0
2904,E,V,E,Q,G,C,A,V,L,C,R,,9,2,11,E,R,L,C,1,True,0
2905,K,T,Q,Q,L,H,P,V,L,Q,T,,10,1,11,K,T,Q,T,22,True,0
2906,G,G,A,T,R,E,P,V,A,E,S,,3,8,11,G,S,A,T,24,True,0
2907,V,P,C,R,Q,A,G,V,P,P,P,,8,3,11,V,P,V,P,6,True,0
2908,A,A,S,S,W,P,T,G,S,G,S,,7,4,11,A,S,T,G,21,True,0
2909,V,H,T,L,K,P,H,E,C,N,Q,,3,8,11,V,Q,T,L,16,True,0
2910,Y,C,L,V,L,P,S,K,G,E,G,,1,10,11,Y,G,Y,C,17,False,0
2911,R,D,L,Y,R,Y,G,I,K,P,E,,3,8,11,R,E,L,Y,24,True,0
2912,S,F,L,E,A,N,M,T,G,E,P,,7,4,11,S,P,M,T,17,True,0
2913,I,T,Q,G,R,V,L,E,R,P,V,,10,1,11,I,V,P,V,6,False,0
2914,L,R,G,S,G,L,S,L,A,S,R,,10,1,11,L,R,S,R,17,True,0
2915,S,R,A,T,C,N,N,Y,T,P,C,,10,1,11,S,C,P,C,5,True,0
2916,G,H,F,S,N,N,R,E,V,V,F,,3,8,11,G,F,F,S,7,False,0
2917,L,L,I,Q,P,K,T,R,R,A,G,,10,1,11,L,G,A,G,18,False,0
2918,V,A,T,K,D,I,L,P,G,E,C,,10,1,11,V,C,E,C,1,True,0
2919,L,E,K,A,V,V,E,C,I,A,Q,,6,5,11,L,Q,V,E,16,True,0
2920,D,L,G,S,L,R,R,L,V,F,L,,8,3,11,D,L,L,V,10,False,0
2921,T,A,E,A,V,P,K,H,S,E,E,,7,4,11,T,E,K,H,19,True,0
2922,D,K,S,S,Q,V,T,T,A,G,S,,2,9,11,D,S,K,S,9,True,0
2923,L,K,D,I,E,S,T,L,G,G,R,,5,6,11,L,R,E,S,22,True,0
2924,N,P,F,K,C,K,E,C,F,S,N,,8,3,11,N,N,C,F,8,True,0
2925,V,F,A,F,I,H,Q,V,A,N,S,,5,6,11,V,S,I,H,14,True,0
2926,T,Q,L,G,S,H,V,S,A,L,V,,8,3,11,T,V,S,A,4,False,0
2927,C,E,E,V,G,F,D,M,L,N,G,,5,6,11,C,G,G,F,23,True,0
2928,P,M,Q,V,M,E,E,V,V,R,R,,1,10,11,P,R,P,M,15,True,0
2929,T,D,G,F,T,I,T,I,T,G,D,,1,10,11,T,D,T,D,12,False,0
2930,P,A,I,A,P,P,D,P,V,P,G,,6,5,11,P,G,P,D,9,False,0
2931,S,M,A,F,R,Y,E,T,L,C,N,,1,10,11,S,N,S,M,2,True,0
2932,L,R,P,Q,Q,H,F,L,P,N,Q,,1,10,11,L,Q,L,R,13,True,0
2933,V,E,T,R,G,S,A,A,V,E,Q,,7,4,11,V,Q,A,A,3,True,0
2934,A,M,K,V,F,M,D,R,A,T,N,,2,9,11,A,N,M,K,21,True,0
2935,A,D,K,Q,K,R,G,A,F,L,K,,10,1,11,A,K,L,K,23,True,0
2936,S,E,K,G,G,V,P,E,P,E,P,,6,5,11,S,P,V,P,11,True,0
2937,G,H,S,V,T,V,Q,A,A,C,G,,3,8,11,G,G,S,V,22,False,0
2938,L,G,H,C,D,F,D,L,D,Y,L,,6,5,11,L,L,F,D,14,False,0
2939,H,R,R,I,H,T,F,S,Q,R,A,,6,5,11,H,A,T,F,13,False,0
2940,R,E,R,P,L,R,L,Q,R,S,P,,1,10,11,R,P,R,E,13,False,0
2941,Q,N,Q,L,Q,S,F,N,S,Y,N,,10,1,11,Q,N,Y,N,5,True,0
2942,E,I,D,G,I,G,K,T,S,S,S,,6,5,11,E,S,G,K,7,True,0
2943,T,S,P,T,S,L,P,S,P,G,A,,3,8,11,T,A,P,T,21,False,0
2944,K,L,P,P,G,E,Y,P,S,T,F,,7,4,11,K,F,Y,P,3,False,0
2945,P,T,A,A,Q,D,N,C,T,C,P,,1,10,11,P,P,P,T,17,False,0
2946,T,D,V,T,E,W,E,V,P,L,S,,5,6,11,T,S,E,W,2,True,0
2947,G,N,K,T,L,V,T,E,F,L,H,,9,2,11,G,H,F,L,10,False,0
2948,T,N,K,K,T,V,D,E,K,E,V,,9,2,11,T,V,K,E,0,False,0
2949,I,A,E,L,W,K,W,L,S,N,E,,6,5,11,I,E,K,W,1,False,0
2950,L,N,T,Q,P,E,Q,T,N,A,E,,10,1,11,L,E,A,E,25,False,0
2951,L,L,Q,V,C,A,S,R,L,D,G,,10,1,11,L,G,D,G,20,True,0
2952,W,L,S,K,H,F,N,I,L,I,L,,6,5,11,W,L,F,N,22,True,0
2953,I,T,H,G,Q,T,G,D,T,T,T,,10,1,11,I,T,T,T,25,True,0
2954,R,D,W,R,F,T,F,V,F,F,L,,3,8,11,R,L,W,R,18,True,0
2955,Y,I,A,E,Y,V,T,E,P,I,Q,,3,8,11,Y,Q,A,E,13,True,0
2956,P,K,A,V,P,G,W,P,D,R,V,,5,6,11,P,V,P,G,15,True,0
2957,E,N,E,V,R,E,K,D,G,D,L,,3,8,11,E,L,E,V,16,False,0
2958,K,C,C,F,L,L,G,L,L,L,A,,1,10,11,K,A,K,C,14,False,0
2959,L,V,L,D,S,D,R,E,R,V,S,,5,6,11,L,S,S,D,2,False,0
2960,A,V,R,T,L,C,C,D,M,V,C,,2,9,11,A,C,V,R,20,False,0
2961,S,K,K,S,R,N,N,M,A,V,K,,4,7,11,S,K,S,R,15,False,0
2962,R,E,C,R,S,D,P,E,S,G,G,,10,1,11,R,G,G,G,14,False,0
2963,K,E,F,Q,T,Y,G,E,D,A,S,,6,5,11,K,S,Y,G,16,False,0
2964,I,H,F,S,Q,S,I,G,L,I,Q,,2,9,11,I,Q,H,F,14,False,0
2965,M,M,A,Q,F,H,S,D,P,L,S,,3,8,11,M,S,A,Q,22,False,0
2966,E,D,A,L,T,Q,E,A,N,V,E,,10,1,11,E,E,V,E,20,False,0
2967,M,K,A,A,S,L,Q,V,P,R,P,,1,10,11,M,P,M,K,8,False,0
2968,L,L,W,L,P,Y,D,L,D,M,D,,5,6,11,L,D,P,Y,11,True,0
2969,T,M,L,A,E,A,P,E,E,K,P,,8,3,11,T,P,E,E,20,False,0
2970,A,E,G,R,W,S,G,G,E,P,V,,2,9,11,A,V,E,G,18,True,0
2971,E,P,E,E,R,M,A,V,G,A,Q,,8,3,11,E,Q,V,G,2,False,0
2972,T,F,R,V,E,K,A,P,C,P,H,,7,4,11,T,H,A,P,22,True,0
2973,V,T,T,I,R,I,S,I,T,S,S,,10,1,11,V,S,S,S,17,True,0
2974,S,P,S,V,L,P,K,P,P,S,E,,10,1,11,S,E,S,E,11,True,0
2975,P,T,L,W,V,K,L,N,V,I,T,,7,4,11,P,T,L,N,5,True,0
2976,F,K,T,G,E,L,S,R,M,T,I,,4,7,11,F,I,G,E,22,True,0
2977,A,A,W,G,G,H,E,I,V,L,N,,7,4,11,A,N,E,I,1,False,0
2978,A,T,F,G,A,G,W,A,L,A,F,,9,2,11,A,F,L,A,24,True,0
2979,A,D,K,D,M,K,K,K,K,M,K,,1,10,11,A,K,A,D,13,False,0
2980,E,N,F,C,A,I,T,A,L,G,L,,7,4,11,E,L,T,A,22,False,0
2981,V,S,Q,H,L,E,D,L,A,Y,F,,8,3,11,V,F,L,A,11,False,0
2982,N,H,L,Q,E,E,L,E,N,R,T,,1,10,11,N,T,N,H,8,True,0
2983,N,L,D,G,L,L,M,R,K,I,A,,9,2,11,N,A,K,I,5,False,0
2984,T,A,Q,G,N,T,E,S,H,H,I,,7,4,11,T,I,E,S,11,False,0
2985,P,G,L,R,P,G,A,G,E,R,P,,8,3,11,P,P,G,E,0,True,0
2986,K,S,P,S,D,S,H,V,S,V,P,,5,6,11,K,P,D,S,1,False,0
2987,E,L,L,S,G,S,H,S,G,E,T,,2,9,11,E,T,L,L,13,False,0
2988,R,L,V,V,R,D,V,N,A,S,C,,8,3,11,R,C,N,A,3,True,0
2989,T,L,E,K,V,G,D,Q,M,I,V,,7,4,11,T,V,D,Q,8,False,0
2990,H,S,P,P,H,E,E,E,D,E,D,,5,6,11,H,D,H,E,11,True,0
2991,L,I,V,P,T,S,A,L,S,S,G,,6,5,11,L,G,S,A,3,True,0
2992,A,E,I,A,Q,Y,G,D,V,L,V,,2,9,11,A,V,E,I,6,True,0
2993,N,L,V,L,V,K,F,V,E,T,R,,4,7,11,N,R,L,V,6,False,0
2994,D,C,S,E,Y,L,R,F,L,L,E,,10,1,11,D,E,L,E,4,False,0
2995,P,S,K,P,F,L,Q,R,Q,L,L,,8,3,11,P,L,R,Q,10,True,0
2996,Q,K,M,P,Y,L,K,E,D,R,S,,8,3,11,Q,S,E,D,20,False,0
2997,L,V,V,E,K,N,N,F,N,P,I,,9,2,11,L,I,N,P,16,True,0
2998,D,T,V,T,P,A,N,K,L,D,F,,6,5,11,D,F,A,N,23,False,0
2999,S,N,E,I,L,G,P,V,I,Q,F,,1,10,11,S,F,S,N,21,True,0
3000,G,S,F,L,P,R,A,R,A,E,R,T,2,10,12,G,T,S,F,14,False,0
3001,H,P,T,V,I,P,L,Q,P,S,H,L,8,4,12,H,L,Q,P,16,True,0
3002,H,L,K,L,C,H,S,N,N,T,R,Q,7,5,12,H,Q,S,N,25,True,0
3003,E,R,D,Q,D,G,M,E,P,N,V,V,4,8,12,E,V,Q,D,16,False,0
3004,L,D,V,F,L,N,H,I,L,K,Y,V,5,7,12,L,V,L,N,25,False,0
3005,A,R,T,G,S,G,K,T,A,C,T,H,10,2,12,A,H,C,T,10,False,0
3006,H,V,D,K,G,S,E,G,A,E,R,L,3,9,12,H,L,D,K,13,True,0
3007,S,L,G,G,R,A,R,H,M,G,P,T,9,3,12,S,T,M,G,20,True,0
3008,E,S,T,L,R,R,D,F,L,R,N,L,10,2,12,E,L,R,N,2,True,0
3009,D,A,V,L,F,Y,N,D,F,N,R,W,2,10,12,D,W,A,V,23,False,0
3010,V,V,A,P,A,P,V,V,E,A,T,G,10,2,12,V,G,A,T,21,True,0
3011,E,T,H,I,E,K,H,Q,Y,Q,N,R,6,6,12,E,R,K,H,16,False,0
3012,L,D,Q,S,P,P,Y,H,Y,N,T,H,1,11,12,L,H,L,D,24,False,0
3013,Q,P,F,L,D,R,A,V,T,R,Q,D,7,5,12,Q,D,A,V,24,True,0
3014,E,L,L,A,T,T,L,Q,A,H,A,L,7,5,12,E,L,L,Q,1,False,0
3015,C,F,V,S,K,V,V,K,G,G,S,S,2,10,12,C,S,F,V,8,False,0
3016,L,S,K,Q,P,P,S,S,N,K,R,P,3,9,12,L,P,K,Q,9,True,0
3017,S,A,G,S,S,G,C,S,A,D,I,D,3,9,12,S,D,G,S,14,True,0
3018,D,E,V,V,S,S,N,M,E,A,E,P,10,2,12,D,P,A,E,7,True,0
3019,I,G,N,A,N,A,N,F,Y,C,D,I,5,7,12,I,I,N,A,19,False,0
3020,T,A,K,T,M,Q,A,V,N,K,Q,N,10,2,12,T,N,K,Q,11,False,0
3021,A,Y,M,D,G,Q,S,G,L,S,N,S,5,7,12,A,S,G,Q,9,False,0
3022,S,R,V,L,L,R,T,F,W,G,L,G,8,4,12,S,G,F,W,9,False,0
3023,Y,L,W,T,R,V,E,G,T,Y,T,F,5,7,12,Y,F,R,V,25,False,0
3024,F,R,G,V,G,M,V,A,D,P,S,L,10,2,12,F,L,P,S,4,True,0
3025,I,K,Q,A,L,M,R,C,C,L,V,K,2,10,12,I,K,K,Q,8,False,0
3026,L,E,Q,V,K,H,E,C,H,F,V,R,10,2,12,L,R,F,V,20,False,0
3027,D,T,R,T,S,P,P,L,W,T,C,L,9,3,12,D,L,W,T,16,False,0
3028,D,K,Y,K,R,L,P,F,L,S,A,F,2,10,12,D,F,K,Y,17,True,0
3029,T,P,S,P,P,H,F,S,A,S,S,T,5,7,12,T,T,P,H,23,False,0
3030,N,G,Q,T,E,Q,R,P,G,V,Q,E,3,9,12,N,E,Q,T,4,True,0
3031,W,P,W,I,P,S,L,S,D,V,A,I,11,1,12,W,I,A,I,24,True,0
3032,S,R,C,T,L,L,Q,L,S,S,A,Q,6,6,12,S,Q,L,Q,0,True,0
3033,N,R,I,C,G,L,A,T,G,P,S,R,5,7,12,N,R,G,L,21,True,0
3034,Y,H,R,V,H,H,R,P,R,C,L,F,8,4,12,Y,F,P,R,5,False,0
3035,W,E,A,F,D,S,H,L,L,Q,P,P,7,5,12,W,P,H,L,16,True,0
3036,Y,E,E,Q,E,P,Y,F,Q,D,L,G,7,5,12,Y,G,Y,F,20,True,0
3037,E,D,F,R,H,S,S,K,H,P,Q,R,7,5,12,E,R,S,K,10,True,0
3038,V,F,A,A,N,P,I,W,W,G,K,Q,3,9,12,V,Q,A,A,24,False,0
3039,W,G,T,T,H,Y,S,D,N,N,S,Y,11,1,12,W,Y,S,Y,24,False,0
3040,P,V,H,T,D,M,A,S,V,T,K,A,1,11,12,P,A,P,V,3,True,0
3041,K,G,P,P,E,I,R,V,R,V,H,D,1,11,12,K,D,K,G,1,True,0
3042,F,K,H,P,N,L,S,W,R,Q,E,A,6,6,12,F,A,L,S,13,True,0
3043,C,K,T,S,Y,H,T,G,E,K,P,Y,5,7,12,C,Y,Y,H,4,True,0
3044,A,R,A,D,V,A,L,T,E,P,N,S,2,10,12,A,S,R,A,20,False,0
3045,P,G,T,H,P,P,F,L,T,V,F,N,9,3,12,P,N,T,V,17,True,0
3046,T,N,L,E,R,D,M,L,P,F,A,S,9,3,12,T,S,P,F,23,False,0
3047,Q,I,T,D,N,I,F,L,T,T,G,V,10,2,12,Q,V,T,G,10,True,0
3048,N,M,A,V,C,A,K,A,Q,N,K,P,1,11,12,N,P,N,M,6,False,0
3049,P,K,P,Q,P,V,N,P,L,D,M,L,8,4,12,P,L,P,L,10,False,0
3050,F,K,K,Y,K,P,M,T,N,V,S,K,11,1,12,F,K,S,K,17,False,0
3051,M,V,W,E,I,P,D,L,P,L,R,E,7,5,12,M,E,D,L,4,False,0
3052,P,R,P,V,A,P,G,G,A,Q,L,H,9,3,12,P,H,A,Q,19,False,0
3053,F,P,V,L,V,A,Q,T,D,L,Q,A,4,8,12,F,A,L,V,17,False,0
3054,M,M,K,L,A,Y,A,D,T,L,P,N,1,11,12,M,N,M,M,16,True,0
3055,S,A,E,C,S,I,H,I,L,F,V,N,7,5,12,S,N,H,I,11,True,0
3056,L,H,I,R,K,L,P,G,E,F,K,G,9,3,12,L,G,E,F,11,True,0
3057,T,L,L,G,K,G,S,A,S,T,P,V,4,8,12,T,V,G,K,11,True,0
3058,A,A,N,L,D,P,R,Q,V,L,I,A,2,10,12,A,A,A,N,9,True,0
3059,P,T,C,Y,P,G,D,D,W,S,L,R,10,2,12,P,R,S,L,3,False,0
3060,S,H,G,K,W,M,F,S,E,I,R,A,1,11,12,S,A,S,H,2,True,0
3061,E,I,P,V,Q,P,T,E,P,Q,P,V,4,8,12,E,V,V,Q,12,False,0
3062,P,G,G,F,L,L,H,H,P,Q,C,L,7,5,12,P,L,H,H,5,True,0
3063,A,R,V,H,E,V,Y,T,T,Q,P,G,4,8,12,A,G,H,E,8,False,0
3064,F,E,A,L,K,R,G,E,E,V,P,A,1,11,12,F,A,F,E,22,True,0
3065,R,A,S,V,L,H,N,L,R,Q,R,Y,1,11,12,R,Y,R,A,15,False,0
3066,L,E,T,K,D,M,S,E,T,M,E,V,8,4,12,L,V,E,T,22,False,0
3067,V,L,S,S,P,L,A,L,T,V,T,L,8,4,12,V,L,L,T,1,True,0
3068,P,M,Y,F,Y,L,V,T,L,M,G,N,3,9,12,P,N,Y,F,15,True,0
3069,T,D,L,Y,Y,Q,R,L,A,L,T,G,10,2,12,T,G,L,T,24,False,0
3070,L,S,L,R,N,L,Y,T,P,N,V,K,1,11,12,L,K,L,S,18,True,0
3071,Q,S,I,L,N,I,G,N,V,A,N,G,8,4,12,Q,G,N,V,17,False,0
3072,S,A,E,G,I,S,C,R,A,P,L,L,7,5,12,S,L,C,R,17,True,0
3073,M,E,K,Q,L,S,P,R,P,Q,D,H,8,4,12,M,H,R,P,24,True,0
3074,T,S,P,R,S,K,N,G,F,N,E,N,4,8,12,T,N,R,S,13,True,0
3075,R,F,G,R,I,P,V,G,M,S,R,D,6,6,12,R,D,P,V,2,True,0
3076,T,I,P,V,Y,S,D,P,Q,Q,Q,S,6,6,12,T,S,S,D,5,False,0
3077,G,A,P,G,E,S,L,E,C,P,A,V,11,1,12,G,V,A,V,14,False,0
3078,N,S,A,G,H,Y,S,C,I,A,A,N,1,11,12,N,N,N,S,2,False,0
3079,T,Y,S,N,R,S,A,I,I,E,N,L,11,1,12,T,L,N,L,13,True,0
3080,I,A,M,P,H,Q,R,A,T,N,N,C,6,6,12,I,C,Q,R,18,True,0
3081,E,K,R,A,K,E,R,Q,E,L,E,E,10,2,12,E,E,L,E,21,False,0
3082,Q,D,D,L,A,R,R,K,S,Y,T,S,5,7,12,Q,S,A,R,4,False,0
3083,L,R,E,E,D,R,L,A,L,C,Q,P,3,9,12,L,P,E,E,8,False,0
3084,L,H,F,S,I,K,H,P,H,S,W,E,9,3,12,L,E,H,S,2,False,0
3085,N,Q,E,Q,Y,A,E,G,K,M,R,V,11,1,12,N,V,R,V,15,False,0
3086,L,V,I,G,V,V,H,V,Q,D,A,L,5,7,12,L,L,V,V,12,False,0
3087,A,K,G,F,P,G,L,A,G,S,P,G,2,10,12,A,G,K,G,9,False,0
3088,S,M,S,R,R,D,L,D,E,H,L,E,10,2,12,S,E,H,L,21,True,0
3089,G,P,V,F,Y,P,P,A,E,S,R,G,7,5,12,G,G,P,A,6,True,0
3090,P,V,I,V,P,L,P,V,P,V,P,I,1,11,12,P,I,P,V,4,True,0
3091,L,V,P,R,L,A,D,H,R,S,I,L,9,3,12,L,L,R,S,15,True,0
3092,A,V,Q,F,S,D,D,V,Q,V,E,T,1,11,12,A,T,A,V,11,False,0
3093,E,K,Q,E,E,L,K,I,V,H,M,H,5,7,12,E,H,E,L,0,False,0
3094,Q,H,P,G,K,A,P,K,L,M,T,I,10,2,12,Q,I,M,T,19,True,0
3095,A,V,Q,I,A,R,G,M,N,H,D,E,9,3,12,A,E,N,H,2,False,0
3096,L,D,I,F,R,F,F,T,Y,Y,T,I,6,6,12,L,I,F,F,0,True,0
3097,C,T,A,P,R,A,I,T,A,A,V,T,7,5,12,C,T,I,T,12,False,0
3098,D,P,R,D,R,L,E,L,R,D,A,F,11,1,12,D,F,A,F,6,True,0
3099,S,L,P,K,G,T,V,I,V,Q,E,F,10,2,12,S,F,Q,E,15,False,0
3100,Q,R,L,E,T,L,Y,G,T,S,I,R,1,11,12,Q,R,Q,R,12,True,0
3101,H,L,Q,A,E,T,L,V,G,K,V,S,11,1,12,H,S,V,S,7,False,0
3102,E,Q,Q,L,Q,I,F,P,V,N,I,D,7,5,12,E,D,F,P,19,True,0
3103,T,A,R,T,P,S,T,Q,R,Q,Q,K,6,6,12,T,K,S,T,5,False,0
3104,F,A,G,L,I,S,Y,F,L,I,L,N,3,9,12,F,N,G,L,10,False,0
3105,Q,G,V,A,G,V,Q,D,V,E,V,Q,11,1,12,Q,Q,V,Q,10,True,0
3106,I,M,R,L,D,T,M,T,E,K,E,R,4,8,12,I,R,L,D,24,True,0
3107,K,R,G,V,V,C,G,S,T,R,N,N,3,9,12,K,N,G,V,2,False,0
3108,L,L,W,G,E,K,D,T,Y,L,T,T,10,2,12,L,T,L,T,3,True,0
3109,I,Q,D,E,N,K,K,L,S,T,R,F,1,11,12,I,F,I,Q,18,True,0
3110,R,P,S,S,E,L,V,Q,A,V,S,D,3,9,12,R,D,S,S,19,True,0
3111,S,S,S,G,G,L,N,V,S,M,C,P,8,4,12,S,P,V,S,5,True,0
3112,G,D,S,G,G,P,L,V,C,S,W,G,9,3,12,G,G,C,S,12,False,0
3113,V,P,Q,M,D,A,D,K,E,K,L,H,10,2,12,V,H,K,L,13,True,0
3114,D,Y,V,S,Q,S,G,Y,V,G,L,V,6,6,12,D,V,S,G,12,False,0
3115,R,N,V,L,F,H,S,L,N,L,P,P,8,4,12,R,P,L,N,15,True,0
3116,R,A,S,T,K,Q,C,Q,Q,E,T,D,10,2,12,R,D,E,T,19,True,0
3117,G,S,G,S,E,A,E,G,A,S,E,E,5,7,12,G,E,E,A,23,False,0
3118,V,A,G,E,G,Q,V,E,P,L,P,P,2,10,12,V,P,A,G,18,True,0
3119,F,G,A,R,Q,H,V,T,L,P,R,K,4,8,12,F,K,R,Q,12,True,0
3120,K,A,P,A,V,Q,F,Q,E,Y,V,F,3,9,12,K,F,P,A,7,True,0
3121,A,L,F,R,K,F,D,E,R,C,Q,S,11,1,12,A,S,Q,S,2,False,0
3122,L,T,L,E,D,Y,Q,W,V,K,N,Q,6,6,12,L,Q,Y,Q,24,True,0
3123,A,I,E,P,G,A,P,R,E,N,Y,N,10,2,12,A,N,N,Y,8,False,0
3124,A,K,K,V,F,D,V,Y,L,C,F,L,1,11,12,A,L,A,K,8,False,0
3125,R,L,P,P,V,N,C,V,Q,C,F,S,6,6,12,R,S,N,C,12,False,0
3126,N,C,G,L,V,D,F,R,L,L,E,K,4,8,12,N,K,L,V,4,True,0
3127,D,T,E,P,A,P,R,A,A,G,T,V,4,8,12,D,V,P,A,14,False,0
3128,C,S,G,P,E,S,S,L,G,N,E,S,8,4,12,C,S,L,G,24,True,0
3129,F,R,D,T,W,N,I,F,D,F,F,N,10,2,12,F,N,F,F,22,False,0
3130,K,P,Y,S,F,Y,E,S,T,S,P,E,3,9,12,K,E,Y,S,7,False,0
3131,V,V,L,T,Y,A,N,F,N,V,S,S,7,5,12,V,S,N,F,18,True,0
3132,Q,D,L,R,H,T,L,N,P,E,E,T,2,10,12,Q,T,D,L,23,False,0
3133,Q,G,D,Q,A,D,R,A,P,S,S,G,5,7,12,Q,G,A,D,3,False,0
3134,L,V,C,D,S,G,C,L,L,E,R,R,1,11,12,L,R,L,V,21,False,0
3135,P,A,P,G,P,A,G,R,R,Q,A,A,7,5,12,P,A,G,R,25,False,0
3136,G,A,L,P,P,P,P,G,T,A,Y,G,8,4,12,G,G,G,T,23,False,0
3137,A,V,R,E,Q,L,R,Q,E,Q,A,I,11,1,12,A,I,A,I,22,False,0
3138,P,F,E,G,A,N,E,P,D,Q,L,R,10,2,12,P,R,Q,L,5,True,0
3139,P,E,V,A,W,S,P,H,D,A,W,L,2,10,12,P,L,E,V,17,True,0
3140,C,T,S,G,C,N,R,Q,A,L,P,L,2,10,12,C,L,T,S,5,False,0
3141,I,V,L,D,H,E,Q,N,T,C,A,M,5,7,12,I,M,H,E,15,True,0
3142,L,K,L,Q,Q,D,A,D,R,S,C,L,4,8,12,L,L,Q,Q,22,True,0
3143,T,Y,V,V,S,A,L,Q,T,I,L,F,6,6,12,T,F,A,L,19,True,0
3144,R,M,L,S,G,S,T,D,H,K,E,A,4,8,12,R,A,S,G,13,False,0
3145,P,N,V,C,L,M,E,G,E,R,L,Q,4,8,12,P,Q,C,L,17,False,0
3146,G,A,V,T,G,G,L,Q,T,R,A,D,6,6,12,G,D,G,L,13,True,0
3147,R,I,H,T,Y,E,C,S,E,C,G,K,4,8,12,R,K,T,Y,4,False,0
3148,L,Q,S,E,L,F,Q,A,E,R,N,F,4,8,12,L,F,E,L,14,False,0
3149,W,A,R,I,A,A,G,A,M,L,A,S,6,6,12,W,S,A,G,0,True,0
3150,S,L,K,P,S,I,C,G,T,A,V,C,3,9,12,S,C,K,P,0,False,0
3151,P,K,L,V,P,G,S,G,G,G,S,R,7,5,12,P,R,S,G,16,True,0
3152,T,N,D,V,H,E,A,G,I,S,V,R,9,3,12,T,R,I,S,17,True,0
3153,T,K,D,K,L,I,D,C,Y,T,F,Q,11,1,12,T,Q,F,Q,23,True,0
3154,G,V,L,K,T,V,N,L,Q,S,D,T,11,1,12,G,T,D,T,10,True,0
3155,S,M,Y,L,I,I,K,T,E,P,S,L,5,7,12,S,L,I,I,11,False,0
3156,C,N,G,A,T,C,I,D,Q,P,G,N,1,11,12,C,N,C,N,22,False,0
3157,N,N,S,Q,L,P,T,A,M,R,L,L,6,6,12,N,L,P,T,10,False,0
3158,E,V,A,R,I,V,G,N,S,G,L,N,4,8,12,E,N,R,I,0,False,0
3159,L,Y,L,L,L,F,R,V,K,V,R,P,4,8,12,L,P,L,L,15,True,0
3160,V,A,L,I,C,L,P,P,E,W,E,I,10,2,12,V,I,W,E,9,False,0
3161,P,Q,D,V,D,D,A,I,V,S,G,D,5,7,12,P,D,D,D,9,True,0
3162,P,A,G,T,Y,G,K,A,G,L,A,A,8,4,12,P,A,A,G,1,True,0
3163,V,T,V,L,P,G,T,V,R,D,V,K,6,6,12,V,K,G,T,13,False,0
3164,S,S,S,T,K,V,D,L,K,S,T,V,9,3,12,S,V,K,S,2,True,0
3165,V,R,V,D,Q,D,D,D,Q,D,S,G,11,1,12,V,G,S,G,3,True,0
3166,A,H,E,C,M,L,R,L,S,L,H,S,5,7,12,A,S,M,L,20,False,0
3167,L,K,F,E,L,Q,D,D,F,S,E,F,1,11,12,L,F,L,K,6,False,0
3168,N,E,E,N,D,H,I,P,F,L,R,R,4,8,12,N,R,N,D,21,True,0
3169,Q,M,Q,C,K,V,Y,D,S,L,D,L,10,2,12,Q,L,L,D,5,False,0
3170,A,I,R,E,A,R,E,Q,H,Y,F,L,9,3,12,A,L,H,Y,24,False,0
3171,Y,N,F,H,C,F,R,K,K,R,A,T,7,5,12,Y,T,R,K,25,False,0
3172,K,K,L,E,T,K,G,A,Q,T,H,L,10,2,12,K,L,T,H,14,True,0
3173,N,L,G,R,I,Q,E,S,L,A,K,G,9,3,12,N,G,L,A,14,False,0
3174,V,Q,K,K,L,H,R,K,C,A,Y,Q,1,11,12,V,Q,V,Q,14,False,0
3175,Y,I,T,R,F,T,E,E,G,F,S,L,11,1,12,Y,L,S,L,12,True,0
3176,V,M,K,M,P,E,D,E,S,T,P,E,6,6,12,V,E,E,D,0,False,0
3177,N,M,S,V,L,S,D,S,F,P,S,R,8,4,12,N,R,S,F,4,False,0
3178,I,T,Q,E,F,M,V,E,S,Q,Q,K,6,6,12,I,K,M,V,14,True,0
3179,N,I,E,I,V,T,R,F,Y,L,E,L,10,2,12,N,L,L,E,21,True,0
3180,I,Q,L,R,F,W,N,P,D,D,L,N,1,11,12,I,N,I,Q,21,False,0
3181,S,C,L,C,L,S,G,R,P,V,C,C,11,1,12,S,C,C,C,18,True,0
3182,P,Q,Q,Y,L,L,E,Y,M,Y,T,D,6,6,12,P,D,L,E,17,True,0
3183,F,N,T,P,G,K,N,V,N,P,V,T,11,1,12,F,T,V,T,14,True,0
3184,F,P,N,F,Y,S,S,P,S,R,A,A,6,6,12,F,A,S,S,5,False,0
3185,P,H,P,H,H,G,S,V,A,G,A,Y,7,5,12,P,Y,S,V,17,False,0
3186,L,T,R,F,K,Q,R,H,S,I,R,G,11,1,12,L,G,R,G,11,True,0
3187,P,C,S,G,R,L,S,L,D,L,S,H,3,9,12,P,H,S,G,20,False,0
3188,R,R,L,A,R,L,K,T,F,P,C,K,3,9,12,R,K,L,A,16,False,0
3189,L,I,A,R,R,Q,S,S,F,A,K,P,3,9,12,L,P,A,R,8,True,0
3190,M,R,E,Q,H,D,A,Q,V,R,T,S,10,2,12,M,S,R,T,24,False,0
3191,V,V,H,Q,R,T,H,T,G,E,K,G,11,1,12,V,G,K,G,12,True,0
3192,Y,F,K,D,L,P,K,D,G,H,W,T,7,5,12,Y,T,K,D,21,False,0
3193,L,Q,D,E,T,N,H,L,R,K,E,N,11,1,12,L,N,E,N,19,True,0
3194,P,C,R,S,T,C,C,Q,P,S,C,V,2,10,12,P,V,C,R,6,True,0
3195,D,H,F,S,H,E,K,I,K,D,I,Y,10,2,12,D,Y,D,I,20,True,0
3196,L,D,T,F,Q,Y,W,E,F,C,S,E,6,6,12,L,E,Y,W,17,True,0
3197,E,G,N,A,P,H,P,G,V,I,T,R,5,7,12,E,R,P,H,8,True,0
3198,G,A,L,H,Q,A,A,E,Q,R,G,D,6,6,12,G,D,A,A,14,True,0
3199,Y,K,F,P,D,H,N,Q,P,S,T,Y,6,6,12,Y,Y,H,N,11,True,0
3200,V,C,H,L,T,S,G,D,K,E,S,E,7,5,12,V,E,G,D,1,True,0
3201,D,P,V,T,N,I,C,E,T,Y,V,E,7,5,12,D,E,C,E,11,True,0
3202,G,R,I,L,K,K,H,P,W,I,Q,L,7,5,12,G,L,H,P,12,True,0
3203,E,M,E,L,E,D,R,A,L,G,Y,I,6,6,12,E,I,D,R,8,True,0
3204,Q,S,F,F,L,T,L,L,S,L,R,T,2,10,12,Q,T,S,F,25,True,0
3205,A,M,G,M,K,R,N,E,V,E,S,T,6,6,12,A,T,R,N,15,False,0
3206,N,W,I,R,L,Y,R,Q,Y,L,D,A,6,6,12,N,A,Y,R,17,False,0
3207,E,K,P,Y,R,C,N,I,C,K,P,Y,9,3,12,E,Y,C,K,24,True,0
3208,G,L,S,T,A,G,K,K,A,L,E,E,2,10,12,G,E,L,S,24,True,0
3209,P,S,D,V,K,L,Q,L,Q,A,M,R,6,6,12,P,R,L,Q,12,False,0
3210,K,L,E,M,D,G,H,L,N,R,G,G,11,1,12,K,G,G,G,7,False,0
3211,G,A,N,C,T,C,L,G,H,E,G,A,7,5,12,G,A,L,G,16,False,0
3212,A,N,D,Q,Q,I,R,E,G,L,E,K,1,11,12,A,K,A,N,22,False,0
3213,R,S,Y,D,R,I,I,I,G,D,R,E,3,9,12,R,E,Y,D,6,False,0
3214,V,S,P,Q,P,A,C,N,N,G,R,D,8,4,12,V,D,N,N,19,False,0
3215,K,L,R,E,P,T,Y,Q,L,N,I,H,2,10,12,K,H,L,R,2,True,0
3216,A,A,G,D,F,R,K,T,H,S,P,D,3,9,12,A,D,G,D,11,True,0
3217,S,L,F,Y,G,K,V,G,S,Q,L,K,5,7,12,S,K,G,K,24,False,0
3218,L,V,L,G,F,N,I,W,D,R,K,L,4,8,12,L,L,G,F,22,False,0
3219,E,G,K,T,F,R,E,E,Q,C,E,A,1,11,12,E,A,E,G,2,True,0
3220,T,E,T,G,L,L,S,A,P,T,K,V,8,4,12,T,V,A,P,13,False,0
3221,L,D,A,D,F,R,T,D,I,L,C,I,7,5,12,L,I,T,D,22,True,0
3222,G,Q,S,T,S,V,L,M,A,V,T,H,2,10,12,G,H,Q,S,16,True,0
3223,G,P,T,L,E,W,D,L,R,E,D,A,7,5,12,G,A,D,L,3,False,0
3224,M,S,W,I,N,C,N,D,D,Q,G,V,4,8,12,M,V,I,N,15,True,0
3225,Q,T,L,S,Y,R,A,S,G,V,P,D,1,11,12,Q,D,Q,T,4,False,0
3226,N,P,S,C,T,D,L,E,G,I,W,V,8,4,12,N,V,E,G,9,True,0
3227,K,V,K,E,G,T,H,N,K,V,L,K,4,8,12,K,K,E,G,11,True,0
3228,N,P,S,T,A,D,Y,S,K,L,C,L,5,7,12,N,L,A,D,16,True,0
3229,D,R,K,N,P,R,E,D,L,Y,I,G,8,4,12,D,G,D,L,1,True,0
3230,P,R,P,T,H,S,Y,H,V,G,R,E,10,2,12,P,E,G,R,7,False,0
3231,E,R,K,F,S,L,D,S,T,W,T,N,7,5,12,E,N,D,S,11,True,0
3232,E,G,E,L,E,A,E,W,L,Q,T,Q,10,2,12,E,Q,Q,T,25,False,0
3233,C,M,P,G,T,V,R,R,Y,A,L,Q,8,4,12,C,Q,R,Y,6,True,0
3234,E,E,K,K,K,T,Q,A,E,L,A,Q,9,3,12,E,Q,E,L,23,False,0
3235,D,L,S,F,T,T,S,S,I,P,I,Q,10,2,12,D,Q,P,I,19,False,0
3236,S,E,T,S,V,R,G,P,Q,T,D,Q,8,4,12,S,Q,P,Q,10,True,0
3237,N,H,I,N,S,L,E,K,D,I,A,T,3,9,12,N,T,I,N,19,True,0
3238,D,L,S,L,H,S,F,S,S,P,L,S,7,5,12,D,S,F,S,16,False,0
3239,Q,N,S,P,S,R,L,Q,G,M,N,E,6,6,12,Q,E,R,L,20,True,0
3240,L,E,N,T,K,P,Q,S,P,A,Q,N,3,9,12,L,N,N,T,17,True,0
3241,K,C,L,P,L,K,W,N,H,G,L,P,4,8,12,K,P,P,L,24,False,0
3242,V,G,P,D,L,Y,L,L,I,L,L,A,8,4,12,V,A,L,I,0,True,0
3243,K,A,P,P,P,V,I,S,M,G,T,N,7,5,12,K,N,I,S,6,False,0
3244,R,G,L,H,D,V,P,P,R,G,E,A,6,6,12,R,A,V,P,2,False,0
3245,L,R,Q,E,Q,Y,Y,S,Q,Q,Q,L,8,4,12,L,L,S,Q,2,True,0
3246,A,Y,C,V,T,C,N,Y,S,S,A,C,7,5,12,A,C,N,Y,20,False,0
3247,Y,T,P,R,R,N,I,Q,V,T,P,P,7,5,12,Y,P,I,Q,19,False,0
3248,P,D,G,E,N,R,P,E,I,K,K,N,11,1,12,P,N,K,N,10,False,0
3249,V,R,T,D,F,G,L,F,Q,A,A,D,7,5,12,V,D,L,F,13,True,0
